z1,z2,z3,node,time,depth
-6942.0,-6670.0,-6525.0,1,0.03012704849243164,1
-7011.0,-6494.0,-6636.0,1,0.030194997787475586,1
-6153.0,-3379.0,-8419.0,1,0.03031015396118164,1
-8727.0,-4634.0,-4707.0,1,0.030347108840942383,1
-8374.0,-5213.0,-5665.0,1,0.030611038208007812,1
-8110.0,-4574.0,-6460.0,1,0.030677080154418945,1
-7507.0,-6636.0,-5795.0,1,0.030706167221069336,1
-6037.0,-4766.0,-8358.0,1,0.030819177627563477,1
-6260.0,-5080.0,-8135.0,1,0.030822038650512695,1
-8003.0,-2873.0,-6744.0,1,0.030839204788208008,1
-8162.0,-6040.0,-5067.0,2,0.07261514663696289,2
-7984.0,-6423.0,-4739.0,2,0.07262015342712402,2
-6747.0,-5855.0,-7431.0,2,0.07266116142272949,2
-5669.0,-6971.0,-6506.0,2,0.07271814346313477,2
-8463.0,-3995.0,-5502.0,2,0.07274317741394043,2
-6678.0,-6031.0,-7320.0,2,0.07278800010681152,2
-6830.0,-6933.0,-5492.0,2,0.07294607162475586,2
-5626.0,-6531.0,-7026.0,3,0.12178421020507812,3
-7331.0,-4842.0,-7089.0,3,0.12191009521484375,3
-6571.0,-3805.0,-7811.0,3,0.12212300300598145,3
-7656.0,-5577.0,-6211.0,4,0.17412710189819336,4
-7139.0,-5209.0,-7008.0,4,0.17451906204223633,4
-7597.0,-6074.0,-5797.0,4,0.17453217506408691,4
-6165.0,-7113.0,-5665.0,7,0.27378106117248535,7
-4130.0,-6758.0,-6893.0,1155,1.9013750553131104,12
-5792.0,-6780.0,-6476.0,1155,1.901393175125122,12
-4503.0,-7091.0,-6082.0,1249,2.016414165496826,15
-4087.0,-6318.0,-7413.0,1623,2.4841740131378174,8
-5633.0,-6555.0,-6927.0,1625,2.5378830432891846,10
-5756.0,-6364.0,-6897.0,2573,3.8678250312805176,12
-6291.0,-6351.0,-6853.0,2857,4.269947052001953,8
-6334.0,-6791.0,-6333.0,2857,4.2700371742248535,8
-6298.0,-6375.0,-6754.0,3327,4.990455150604248,11
-6414.0,-6160.0,-6823.0,3466,5.173778057098389,11
-6421.0,-6184.0,-6724.0,3467,5.181291103363037,12
-5411.0,-6709.0,-6729.0,3698,5.558638095855713,26
-5330.0,-6803.0,-6615.0,3726,5.594499111175537,26
-5847.0,-6882.0,-6284.0,3818,5.722545146942139,26
-5840.0,-6858.0,-6383.0,4076,6.120850086212158,26
-6336.0,-7000.0,-5542.0,4640,6.907334089279175,26
-6376.0,-6857.0,-5799.0,5031,7.374117136001587,6
-6369.0,-6833.0,-5898.0,5031,7.374119997024536,6
-6073.0,-6231.0,-6995.0,5034,7.583837032318115,9
-5992.0,-6325.0,-6881.0,5034,7.5838751792907715,9
-6080.0,-6255.0,-6896.0,5071,7.656972169876099,13
-5996.0,-6500.0,-6709.0,5380,8.027569055557251,10
-6003.0,-6524.0,-6610.0,5380,8.027635097503662,10
-5960.0,-6084.0,-7130.0,5822,8.78604507446289,11
-6428.0,-5291.0,-7522.0,6204,9.4150710105896,20
-6551.0,-5100.0,-7492.0,6878,10.340404033660889,20
-6954.0,-5568.0,-6779.0,6932,10.430986166000366,16
-6961.0,-5592.0,-6680.0,7096,10.607802152633667,9
-7435.0,-5520.0,-6403.0,7489,11.135768175125122,8
-7376.0,-6017.0,-5989.0,7490,11.176623106002808,9
-7437.0,-6018.0,-5838.0,7908,11.809988021850586,24
-7478.0,-5960.0,-5883.0,7988,11.905858039855957,16
-7471.0,-5936.0,-5982.0,7988,11.905860185623169,16
-7401.0,-5602.0,-6259.0,8204,12.278321027755737,16
-5811.0,-6172.0,-7255.0,8210,12.303063154220581,5
-4308.0,-6375.0,-7221.0,8210,12.303071022033691,5
-7008.0,-6550.0,-5820.0,8210,12.303088188171387,5
-5847.0,-6588.0,-6834.0,8210,12.303170204162598,5
-5854.0,-6612.0,-6735.0,8488,14.203699111938477,10
-5970.0,-6397.0,-6804.0,8795,14.63182020187378,10
-6512.0,-6408.0,-6661.0,9612,16.328280210494995,8
-6025.0,-6499.0,-6612.0,9724,16.51567006111145,18
-6687.0,-6021.0,-6878.0,10547,18.191103219985962,25
-6694.0,-6045.0,-6779.0,10569,18.234448194503784,21
-6181.0,-6141.0,-6938.0,10608,18.286176204681396,9
-6865.0,-5932.0,-6656.0,10678,18.49127507209778,22
-6976.0,-5016.0,-7132.0,11113,19.401149034500122,10
-6810.0,-5830.0,-6848.0,11174,19.54317307472229,26
-6817.0,-5854.0,-6749.0,11201,19.584986209869385,21
-7353.0,-5536.0,-6365.0,12512,21.772770166397095,16
-7361.0,-6074.0,-5815.0,12590,21.89285707473755,16
-7622.0,-5659.0,-6067.0,12643,21.958640098571777,19
-7725.0,-5401.0,-6322.0,12660,22.190060138702393,5
-7666.0,-5898.0,-5908.0,12660,22.190134048461914,5
-6899.0,-6757.0,-5603.0,12660,22.190266132354736,5
-7208.0,-5033.0,-7119.0,12660,22.19041419029236,5
-6985.0,-4719.0,-7342.0,12661,22.383341073989868,6
-5818.0,-6164.0,-7107.0,12664,22.835628032684326,9
-6822.0,-4526.0,-7466.0,13631,24.89344620704651,9
-6824.0,-4783.0,-7435.0,14129,25.806888103485107,10
-6620.0,-4924.0,-7603.0,14230,25.96725821495056,22
-7023.0,-5392.0,-6890.0,14358,26.182945013046265,16
-7030.0,-5416.0,-6791.0,14516,26.340757131576538,11
-7504.0,-5344.0,-6514.0,14593,26.478731155395508,8
-7502.0,-5087.0,-6545.0,14593,26.478734016418457,8
-7445.0,-5841.0,-6100.0,14594,26.68419599533081,9
-7506.0,-5842.0,-5949.0,14940,27.777648210525513,22
-7547.0,-5784.0,-5994.0,15036,27.918768167495728,16
-7540.0,-5760.0,-6093.0,15036,27.91877007484436,16
-7470.0,-5426.0,-6370.0,15227,28.293970108032227,17
-7077.0,-6374.0,-5931.0,15236,28.319831132888794,6
-7084.0,-6398.0,-5832.0,15236,28.319833993911743,6
-6704.0,-6041.0,-6742.0,15511,29.407012224197388,11
-6711.0,-6065.0,-6643.0,15511,29.407047033309937,11
-7206.0,-4776.0,-7150.0,16016,30.769676208496094,9
-7045.0,-4840.0,-7243.0,16017,30.894952058792114,10
-6879.0,-5654.0,-6959.0,16069,31.028537034988403,25
-6886.0,-5678.0,-6860.0,16100,31.085936069488525,26
-6841.0,-4981.0,-7411.0,16140,31.159383058547974,24
-7244.0,-5449.0,-6698.0,16239,31.36495614051819,14
-7076.0,-5536.0,-6628.0,16403,31.568175077438354,19
-7251.0,-5473.0,-6599.0,16486,31.69714903831482,11
-7422.0,-5360.0,-6476.0,17543,33.663114070892334,17
-7691.0,-5483.0,-6178.0,17720,33.95018410682678,16
-7057.0,-5565.0,-6737.0,17725,33.957494020462036,15
-7108.0,-4528.0,-7312.0,17733,33.98844599723816,5
-7476.0,-4984.0,-6640.0,17734,34.17460918426514,6
-7478.0,-5241.0,-6609.0,17734,34.174612045288086,6
-7261.0,-6189.0,-6565.0,17824,35.11756110191345,25
-7293.0,-5600.0,-6380.0,18017,35.47528600692749,14
-7300.0,-5624.0,-6281.0,18118,35.620933055877686,9
-7514.0,-5657.0,-6188.0,19396,39.235337018966675,15
-7419.0,-5738.0,-6195.0,19557,39.43693709373474,10
-7692.0,-5568.0,-5966.0,19754,40.094234228134155,22
-7633.0,-6065.0,-5552.0,20342,40.966637134552,16
-8000.0,-5486.0,-5673.0,20821,42.296736001968384,9
-7977.0,-6399.0,-4838.0,20822,42.32792401313782,10
-7941.0,-5983.0,-5259.0,20822,42.327930212020874,10
-8002.0,-5984.0,-5108.0,21155,42.88999819755554,23
-8043.0,-5926.0,-5153.0,21192,42.93469214439392,15
-8036.0,-5902.0,-5252.0,21192,42.934694051742554,15
-7683.0,-4994.0,-6385.0,21430,43.56278204917908,26
-7644.0,-4867.0,-6406.0,21457,43.610023021698,25
-7646.0,-5124.0,-6375.0,21798,44.16782021522522,18
-7627.0,-5153.0,-6484.0,21861,44.27423620223999,10
-7625.0,-4896.0,-6515.0,22137,44.74414920806885,12
-7663.0,-5569.0,-6063.0,22247,44.93257117271423,15
-7670.0,-5593.0,-5964.0,22247,44.932579040527344,15
-7568.0,-5650.0,-6070.0,22511,45.70760703086853,11
-7611.0,-6090.0,-5550.0,22734,46.112680196762085,14
-7604.0,-6066.0,-5649.0,22734,46.11268210411072,14
-8001.0,-5470.0,-5559.0,22801,46.24175715446472,11
-7958.0,-5030.0,-6079.0,22802,46.31691002845764,12
-7956.0,-4773.0,-6110.0,22886,46.462637186050415,13
-7146.0,-5201.0,-6860.0,22973,46.72761011123657,14
-7593.0,-5235.0,-6340.0,23178,47.238091230392456,20
-7629.0,-5651.0,-5919.0,23183,47.241271018981934,19
-8221.0,-5543.0,-5481.0,23326,47.67720317840576,8
-7867.0,-5181.0,-6183.0,23553,48.40189504623413,17
-7848.0,-5210.0,-6292.0,23944,49.09007811546326,9
-7329.0,-4585.0,-7120.0,24523,49.93650412559509,8
-8179.0,-5087.0,-5887.0,24523,49.936586141586304,8
-7808.0,-5678.0,-5769.0,24654,50.69525122642517,18
-7789.0,-5707.0,-5878.0,24756,50.83711218833923,10
-7367.0,-5258.0,-6668.0,25215,51.870814085006714,12
-7918.0,-5502.0,-5635.0,25236,51.96257400512695,18
-7545.0,-5169.0,-6446.0,25303,52.048336029052734,19
-7374.0,-5282.0,-6569.0,25331,52.09556317329407,13
-8187.0,-5625.0,-5337.0,25404,52.39681315422058,20
-7814.0,-5292.0,-6148.0,25525,52.701043128967285,17
-7833.0,-5263.0,-6039.0,25553,52.74616503715515,15
-7339.0,-5380.0,-6539.0,25616,52.89021420478821,18
-7375.0,-5796.0,-6118.0,25618,52.891579151153564,16
-7243.0,-5997.0,-6590.0,25622,52.919549226760864,3
-4379.0,-4781.0,-8429.0,25626,55.79317617416382,7
-5016.0,-6009.0,-7737.0,25627,55.86588406562805,8
-5956.0,-5667.0,-7590.0,25630,55.99684405326843,11
-5963.0,-5691.0,-7491.0,25631,56.01407504081726,12
-5533.0,-6088.0,-7406.0,25766,56.234681129455566,26
-5452.0,-6182.0,-7292.0,25815,56.297325134277344,25
-5445.0,-6158.0,-7391.0,25902,56.427407026290894,26
-5526.0,-6064.0,-7505.0,25936,56.478111028671265,26
-5962.0,-6237.0,-7060.0,26036,56.616868019104004,24
-4889.0,-4836.0,-8197.0,26731,57.90355920791626,22
-5488.0,-5391.0,-7957.0,27044,58.43795609474182,26
-5468.0,-6304.0,-7110.0,27590,59.4434711933136,20
-5020.0,-6184.0,-7565.0,27737,59.74225115776062,10
-4939.0,-6278.0,-7451.0,27737,59.74227714538574,10
-5449.0,-6333.0,-7219.0,27800,59.911649227142334,26
-5456.0,-6357.0,-7120.0,27830,59.95728921890259,22
-5920.0,-5251.0,-8011.0,28057,60.71192121505737,9
-5057.0,-4279.0,-8450.0,28057,60.71192502975464,9
-4381.0,-5038.0,-8398.0,28057,60.71194911003113,9
-5490.0,-5648.0,-7926.0,28090,60.85488700866699,26
-5409.0,-5742.0,-7812.0,28133,60.92074799537659,25
-5926.0,-5821.0,-7481.0,28194,61.01381802558899,22
-4891.0,-5093.0,-8166.0,28262,61.13147521018982,25
-5919.0,-5797.0,-7580.0,28285,61.175586223602295,23
-5413.0,-5917.0,-7640.0,28640,61.77009105682373,22
-4342.0,-4911.0,-8419.0,28741,61.99207401275635,26
-4772.0,-4514.0,-8504.0,28837,62.14100623130798,26
-4853.0,-4420.0,-8618.0,28860,62.17081809043884,25
-5448.0,-3755.0,-8556.0,28882,62.20386004447937,25
-4274.0,-3337.0,-8682.0,28890,62.21178913116455,16
-4852.0,-4966.0,-8187.0,28949,62.30764818191528,22
-5881.0,-5124.0,-8032.0,29032,62.437191009521484,22
-5613.0,-5457.0,-7896.0,29110,62.817131996154785,26
-6042.0,-5606.0,-7550.0,29141,62.87284302711487,21
-6049.0,-5630.0,-7451.0,29164,62.904399156570435,20
-6369.0,-4728.0,-7741.0,29301,63.16677117347717,17
-6888.0,-5353.0,-6913.0,29356,63.23986220359802,16
-6300.0,-3778.0,-7939.0,29379,63.640069007873535,7
-5669.0,-3812.0,-8364.0,29417,64.23000812530518,22
-5074.0,-4477.0,-8426.0,29456,64.28026413917542,23
-4602.0,-5095.0,-8206.0,29458,64.28438210487366,16
-4563.0,-4968.0,-8227.0,29484,64.31819009780884,23
-6141.0,-5308.0,-7819.0,29672,64.64650106430054,11
-5711.0,-5705.0,-7734.0,29728,64.75633001327515,26
-6306.0,-5040.0,-7672.0,29795,64.85065722465515,25
-6102.0,-5181.0,-7840.0,29826,64.9079601764679,20
-5634.0,-5974.0,-7448.0,29962,65.31471300125122,18
-4565.0,-5225.0,-8196.0,30061,65.66355013847351,26
-4995.0,-4828.0,-8281.0,30141,65.7918291091919,26
-5076.0,-4734.0,-8395.0,30163,65.82333517074585,24
-6104.0,-5438.0,-7809.0,30344,66.11107301712036,20
-4969.0,-3033.0,-8679.0,30429,66.2348780632019,23
-4888.0,-3127.0,-8565.0,30445,66.252188205719,19
-4293.0,-3792.0,-8627.0,30460,66.2667281627655,20
-5037.0,-4607.0,-8416.0,30510,66.34895014762878,25
-5467.0,-4210.0,-8501.0,30548,66.39109516143799,19
-6264.0,-5117.0,-7789.0,30629,66.76424908638,10
-6897.0,-5581.0,-6799.0,30851,67.15044713020325,15
-7109.0,-5410.0,-6721.0,30996,67.32169103622437,20
-6423.0,-3587.0,-7909.0,31025,67.45283722877502,9
-6227.0,-5247.0,-7779.0,31180,67.67177104949951,16
-6592.0,-5042.0,-7518.0,31319,67.89660310745239,15
-6073.0,-5182.0,-7937.0,31356,68.52483606338501,10
-6118.0,-5879.0,-7386.0,31356,68.52488112449646,10
-6080.0,-5206.0,-7838.0,31357,68.58332705497742,11
-5114.0,-5891.0,-7668.0,31400,68.71470212936401,26
-5860.0,-5617.0,-7609.0,31946,69.74298906326294,22
-6923.0,-5684.0,-6704.0,32057,69.96312308311462,15
-6887.0,-5268.0,-7125.0,32151,70.07522201538086,8
-6075.0,-5439.0,-7906.0,32154,70.1959331035614,11
-6082.0,-5463.0,-7807.0,32154,70.19593501091003,11
-5588.0,-5530.0,-7857.0,32231,70.3692991733551,25
-7100.0,-4836.0,-7140.0,32768,71.63878321647644,11
-7063.0,-4966.0,-7130.0,32920,71.99037504196167,20
-7010.0,-5077.0,-7095.0,33908,74.94608116149902,12
-5558.0,-4044.0,-8481.0,34155,75.41753721237183,6
-7108.0,-5325.0,-6933.0,34156,76.40079021453857,7
-6258.0,-4823.0,-8166.0,34157,76.48864817619324,8
-6296.0,-5496.0,-7714.0,34160,76.6079912185669,11
-6303.0,-5520.0,-7615.0,34160,76.60800504684448,11
-5809.0,-5587.0,-7665.0,34179,76.69174718856812,23
-6474.0,-5407.0,-7492.0,34297,76.85675406455994,19
-6847.0,-5740.0,-6681.0,34766,77.66276121139526,16
-6833.0,-3940.0,-7498.0,35039,78.27476215362549,13
-5477.0,-4138.0,-8367.0,35212,78.74850010871887,17
-6542.0,-2351.0,-7883.0,35855,80.7538411617279,19
-7014.0,-3847.0,-7338.0,36081,81.30227017402649,20
-7284.0,-5023.0,-6938.0,36223,81.51279020309448,17
-7231.0,-5134.0,-6903.0,36239,82.34595799446106,10
-7250.0,-5105.0,-6794.0,36537,83.00281310081482,17
-6962.0,-5011.0,-7201.0,36638,83.7294511795044,16
-6640.0,-4154.0,-7715.0,36850,90.38062810897827,8
-6275.0,-4359.0,-7976.0,37062,91.40909719467163,22
-6642.0,-4411.0,-7684.0,37386,92.34447622299194,9
-5682.0,-5281.0,-8007.0,37446,92.61964011192322,22
-6277.0,-4616.0,-7945.0,37509,92.72672009468079,21
-6957.0,-5177.0,-7024.0,37621,92.99963307380676,17
-6438.0,-4552.0,-7852.0,37813,93.3276162147522,17
-7169.0,-4660.0,-7251.0,37839,95.33992600440979,10
-7334.0,-4392.0,-7104.0,37908,95.92611622810364,26
-6699.0,-3421.0,-7765.0,38206,96.6846251487732,23
-7064.0,-3216.0,-7504.0,38232,96.70565605163574,11
-7132.0,-4790.0,-7241.0,38303,96.8466432094574,17
-6697.0,-3164.0,-7796.0,38442,97.12887620925903,25
-6495.0,-3562.0,-7933.0,38542,97.30508804321289,19
-6660.0,-3294.0,-7786.0,38575,97.36449217796326,18
-7062.0,-2959.0,-7535.0,38603,97.45823121070862,12
-7130.0,-4533.0,-7272.0,38681,97.61434316635132,17
-6860.0,-3357.0,-7672.0,38726,97.71260499954224,21
-6866.0,-4619.0,-7405.0,39017,99.9555311203003,23
-7012.0,-4380.0,-7367.0,39130,100.16993713378906,12
-6810.0,-4778.0,-7504.0,39183,100.29220914840698,21
-6808.0,-4521.0,-7535.0,39257,100.5391731262207,21
-6827.0,-4492.0,-7426.0,39455,100.92317318916321,15
-7079.0,-4901.0,-7206.0,39654,102.97129511833191,12
-7115.0,-5317.0,-6785.0,39654,102.97130513191223,12
-7353.0,-4847.0,-7049.0,40069,108.71123909950256,25
-7285.0,-3273.0,-7312.0,40157,108.86196422576904,13
-6881.0,-3351.0,-7594.0,40330,109.29866218566895,19
-6716.0,-3619.0,-7741.0,40346,109.34113311767578,19
-7350.0,-3537.0,-7182.0,40367,109.3754210472107,13
-7515.0,-3269.0,-7035.0,40431,109.47523522377014,24
-7081.0,-3414.0,-7480.0,40463,109.54549813270569,26
-7178.0,-5234.0,-6832.0,40783,110.77914309501648,15
-6492.0,-3411.0,-8020.0,40787,110.8455011844635,9
-6883.0,-3608.0,-7563.0,41022,111.55971622467041,19
-6718.0,-3876.0,-7710.0,41037,111.60500121116638,22
-7025.0,-3573.0,-7579.0,41116,111.77335000038147,12
-6611.0,-2175.0,-7994.0,41156,111.86348009109497,20
-6880.0,-2298.0,-7696.0,41222,111.97722816467285,18
-6679.0,-3749.0,-7731.0,41230,112.00066614151001,17
-7245.0,-2093.0,-7435.0,41239,112.0277750492096,11
-7352.0,-3794.0,-7151.0,41242,112.05893206596375,14
-7313.0,-3667.0,-7172.0,41305,112.14950919151306,22
-7517.0,-3526.0,-7004.0,41353,112.24864602088928,26
-7083.0,-3671.0,-7449.0,41456,112.5131950378418,25
-7044.0,-3544.0,-7470.0,41469,112.52583909034729,22
-7248.0,-3403.0,-7302.0,41478,112.5398371219635,23
-6863.0,-4468.0,-7492.0,41570,114.71990323066711,8
-6226.0,-3240.0,-8184.0,41572,115.32557320594788,10
-6333.0,-4941.0,-7900.0,41573,115.34302806854248,11
-6332.0,-5487.0,-7469.0,41637,115.44765710830688,19
-6498.0,-4673.0,-7753.0,41661,115.4934401512146,21
-6294.0,-4814.0,-7921.0,41684,115.57395505905151,20
-6296.0,-5071.0,-7890.0,41776,115.72573018074036,22
-6293.0,-3761.0,-8023.0,41834,115.8041181564331,13
-6189.0,-3370.0,-8174.0,41899,115.89310216903687,18
-6661.0,-4866.0,-7629.0,42045,116.2428810596466,17
-6659.0,-4609.0,-7660.0,42058,116.2729880809784,16
-6928.0,-4732.0,-7362.0,42075,116.2870991230011,11
-6930.0,-4989.0,-7331.0,42076,116.29793405532837,12
-6966.0,-5405.0,-6910.0,42076,116.29795622825623,12
-6973.0,-5429.0,-6811.0,42076,116.29796600341797,12
-7300.0,-4958.0,-7014.0,42237,118.36930108070374,10
-7195.0,-3514.0,-7267.0,42322,118.74981808662415,12
-6577.0,-2257.0,-7850.0,42543,119.14180612564087,17
-7319.0,-4929.0,-6905.0,42733,119.56231999397278,15
-7031.0,-4835.0,-7312.0,42868,120.15258502960205,16
-6415.0,-3835.0,-7864.0,42889,120.256019115448,26
-6376.0,-3708.0,-7885.0,42899,120.27060103416443,22
-6825.0,-5046.0,-7405.0,43003,120.42834401130676,17
-6823.0,-4789.0,-7436.0,43003,120.42834615707397,17
-7039.0,-5373.0,-6762.0,43024,120.45701003074646,20
-6685.0,-5011.0,-7464.0,43029,120.46739721298218,19
-7294.0,-5344.0,-6635.0,43083,120.58826303482056,13
-6870.0,-5664.0,-7401.0,43104,120.62109112739563,5
-8078.0,-5259.0,-5739.0,43307,122.63043808937073,21
-7561.0,-4891.0,-6536.0,43496,123.19193410873413,20
-7866.0,-5430.0,-5817.0,43706,123.79224801063538,16
-8044.0,-5341.0,-5595.0,43730,123.81949400901794,14
-8051.0,-5071.0,-6046.0,43737,123.83618807792664,7
-8194.0,-3872.0,-5800.0,44069,125.18260622024536,16
-7782.0,-4948.0,-6344.0,44402,126.55833101272583,16
-7445.0,-4781.0,-6733.0,44957,130.21971917152405,12
-7666.0,-4838.0,-6541.0,45025,130.79943108558655,10
-7301.0,-5043.0,-6802.0,45489,132.4110860824585,19
-7320.0,-5014.0,-6693.0,45553,132.4814372062683,15
-7822.0,-3996.0,-6813.0,45606,132.6571021080017,9
-7782.0,-2816.0,-6936.0,45606,132.65711116790771,9
-7628.0,-4932.0,-6400.0,45708,133.0668590068817,18
-7187.0,-3025.0,-7474.0,45814,133.2747621536255,12
-7620.0,-4394.0,-6950.0,45946,133.61700010299683,18
-7834.0,-4721.0,-6307.0,45965,133.66642117500305,19
-7185.0,-2768.0,-7505.0,46020,133.77786111831665,15
-7148.0,-2898.0,-7495.0,46104,133.9181740283966,21
-6983.0,-3166.0,-7642.0,46117,133.9420042037964,24
-7618.0,-4137.0,-6981.0,46186,134.02512216567993,16
-7887.0,-4260.0,-6683.0,46188,134.03565311431885,11
-7252.0,-3289.0,-7344.0,46188,134.03566718101501,11
-7889.0,-4517.0,-6652.0,46189,134.066251039505,12
-7932.0,-4957.0,-6132.0,46189,134.06625318527222,12
-7925.0,-4933.0,-6231.0,46190,134.09952116012573,13
-7417.0,-3021.0,-7197.0,46248,134.18760108947754,19
-8103.0,-4844.0,-6009.0,46317,134.27972221374512,19
-7292.0,-4469.0,-7221.0,46337,134.41363215446472,23
-7255.0,-4599.0,-7211.0,46352,134.4276261329651,24
-7457.0,-4201.0,-7074.0,46355,134.4307050704956,23
-7253.0,-4342.0,-7242.0,46361,134.4350230693817,21
-7408.0,-3082.0,-7282.0,46444,134.68109321594238,15
-7369.0,-2955.0,-7303.0,46485,134.7633922100067,24
-7204.0,-3223.0,-7450.0,46496,134.78004121780396,19
-7206.0,-3480.0,-7419.0,46559,134.89741921424866,20
-7167.0,-3353.0,-7440.0,46565,134.9077010154724,18
-7368.0,-1902.0,-7405.0,46579,134.92878007888794,14
-7371.0,-3212.0,-7272.0,46613,134.96985721588135,16
-7475.0,-3603.0,-7121.0,46619,134.99884915351868,15
-7640.0,-3335.0,-6974.0,46644,135.02882599830627,19
-7473.0,-3346.0,-7152.0,46660,135.05446600914001,19
-7638.0,-3078.0,-7005.0,46668,135.06360006332397,21
-7436.0,-3476.0,-7142.0,46671,135.06658220291138,20
-7476.0,-4656.0,-7019.0,46681,135.0740270614624,15
-8005.0,-3130.0,-6713.0,46708,135.1453561782837,14
-7801.0,-3271.0,-6881.0,46751,135.19831705093384,20
-7849.0,-4989.0,-6208.0,46775,135.22874402999878,15
-7841.0,-4451.0,-6758.0,46782,135.23784518241882,14
-8219.0,-3457.0,-6070.0,46807,135.28843903541565,20
-6986.0,-4277.0,-7462.0,46846,137.26732110977173,11
-6763.0,-3963.0,-7685.0,46849,137.381334066391,14
-6782.0,-4418.0,-7630.0,46949,137.52291417121887,21
-6765.0,-4220.0,-7654.0,46983,137.5873110294342,13
-6561.0,-4361.0,-7822.0,47074,137.73032116889954,20
-6784.0,-4675.0,-7599.0,47118,137.78244400024414,18
-6989.0,-4428.0,-7375.0,47152,138.08019518852234,20
-6952.0,-4558.0,-7365.0,47188,138.12158608436584,18
-6950.0,-4301.0,-7396.0,47231,138.189129114151,17
-7172.0,-3562.0,-7275.0,47304,138.37254309654236,23
-7173.0,-4615.0,-7173.0,47315,138.3813121318817,15
-6830.0,-4484.0,-7524.0,47435,138.78639006614685,9
-7051.0,-4541.0,-7332.0,47437,139.39033007621765,11
-7053.0,-4798.0,-7301.0,47490,139.55337619781494,13
-7442.0,-4738.0,-6875.0,47633,139.90627121925354,15
-7632.0,-4920.0,-6397.0,47776,140.4937801361084,16
-7623.0,-4346.0,-6816.0,47945,140.907457113266,22
-7807.0,-4533.0,-6614.0,47989,140.95379400253296,15
-5363.0,-5762.0,-7967.0,48095,141.16609907150269,2
-7714.0,-4565.0,-6799.0,48095,141.16655921936035,2
-7674.0,-3385.0,-6922.0,48095,141.1666121482849,2
-7522.0,-4932.0,-6718.0,48096,141.71982312202454,3
-7372.0,-5964.0,-6138.0,48098,149.09147214889526,5
-6455.0,-6687.0,-6031.0,48101,150.15621614456177,8
-6462.0,-6711.0,-5932.0,48101,150.15621900558472,8
-5280.0,-6648.0,-6942.0,48102,150.28386902809143,9
-5911.0,-6993.0,-6150.0,48103,150.4279670715332,10
-5716.0,-6821.0,-6497.0,48166,150.89123010635376,26
-5797.0,-6727.0,-6611.0,48266,151.04556322097778,26
-5868.0,-6553.0,-6670.0,48315,151.17995309829712,13
-5754.0,-6287.0,-7131.0,48352,151.26302814483643,26
-5673.0,-6381.0,-7017.0,48376,151.31273818016052,26
-6190.0,-6460.0,-6686.0,48418,151.38195610046387,22
-5904.0,-6969.0,-6249.0,48429,151.4807140827179,11
-5790.0,-6703.0,-6710.0,48488,151.65816521644592,26
-5709.0,-6797.0,-6596.0,48528,151.75364112854004,26
-6183.0,-6436.0,-6785.0,48624,151.90465116500854,26
-6226.0,-6876.0,-6265.0,48784,152.1448152065277,22
-5303.0,-6794.0,-6661.0,48832,152.3802981376648,26
-5417.0,-7060.0,-6200.0,48850,152.4142451286316,26
-5222.0,-6888.0,-6547.0,48927,152.55076622962952,25
-4687.0,-7353.0,-5331.0,49223,153.07294511795044,26
-4923.0,-7353.0,-5313.0,49272,153.13077020645142,13
-5732.0,-6943.0,-6315.0,49561,153.69239211082458,21
-5197.0,-7408.0,-5099.0,49731,153.98231506347656,24
-4267.0,-7528.0,-4657.0,49841,154.15013599395752,23
-5433.0,-7408.0,-5081.0,49932,154.3534231185913,25
-5975.0,-6344.0,-6939.0,50018,154.9630970954895,26
-5894.0,-6438.0,-6825.0,50074,155.06844210624695,26
-6368.0,-6077.0,-7014.0,50236,155.29790210723877,18
-5917.0,-6584.0,-6544.0,50335,155.58503818511963,19
-5284.0,-6823.0,-6770.0,50557,156.01123213768005,7
-5203.0,-6917.0,-6656.0,50557,156.0112500190735,7
-6082.0,-6880.0,-6027.0,50583,156.53576517105103,25
-5887.0,-6708.0,-6374.0,50642,156.64201307296753,24
-6397.0,-6763.0,-6142.0,50836,157.05341720581055,18
-5576.0,-7250.0,-5845.0,50838,157.12651801109314,11
-5657.0,-7156.0,-5959.0,50840,157.1862530708313,13
-5677.0,-6556.0,-6845.0,51014,157.51268219947815,26
-6050.0,-6889.0,-6034.0,51035,157.53541016578674,19
-4661.0,-7358.0,-5539.0,51039,157.56765604019165,13
-4742.0,-7264.0,-5653.0,51042,157.58801913261414,15
-4547.0,-7092.0,-6000.0,51087,157.63997316360474,20
-6086.0,-7305.0,-5613.0,51108,157.6920301914215,26
-5713.0,-6972.0,-6424.0,51253,157.96686601638794,25
-5898.0,-6613.0,-6653.0,51294,158.12386918067932,26
-6271.0,-6946.0,-5842.0,51337,158.19074201583862,23
-4668.0,-7382.0,-5440.0,51478,158.56682801246643,11
-5720.0,-6996.0,-6325.0,51556,158.7067952156067,26
-6093.0,-7329.0,-5514.0,51600,158.80364108085632,26
-6404.0,-6787.0,-6043.0,51771,159.04784417152405,17
-5178.0,-7437.0,-5208.0,51921,159.29481410980225,22
-4874.0,-7588.0,-4089.0,51993,159.41424822807312,23
-6287.0,-7294.0,-4723.0,52114,159.5779252052307,12
-6098.0,-7228.0,-4908.0,52196,159.7101321220398,23
-6755.0,-6851.0,-5780.0,52312,160.85396003723145,8
-5946.0,-7035.0,-5715.0,52315,161.4818320274353,11
-6339.0,-6078.0,-7111.0,52628,162.31566405296326,11
-5852.0,-6169.0,-7062.0,52659,162.39798521995544,19
-6346.0,-6102.0,-7012.0,52728,162.5065050125122,9
-6382.0,-6518.0,-6591.0,52836,162.809720993042,10
-6611.0,-6855.0,-5542.0,52959,163.1872570514679,12
-6933.0,-6762.0,-5558.0,53033,163.292964220047,21
-6455.0,-7177.0,-4489.0,53250,163.67972612380981,21
-6926.0,-6738.0,-5657.0,53289,163.75986003875732,19
-7194.0,-6347.0,-5810.0,53451,164.13859605789185,10
-7187.0,-6323.0,-5909.0,53530,164.32369112968445,11
-7111.0,-6379.0,-5886.0,53725,164.8111171722412,17
-6560.0,-6135.0,-6919.0,53813,165.0704050064087,11
-6567.0,-6159.0,-6820.0,53844,165.2042691707611,13
-6738.0,-6046.0,-6697.0,53879,165.29564714431763,17
-7540.0,-6353.0,-5167.0,53995,168.7529890537262,7
-5412.0,-7471.0,-4571.0,53997,169.98532700538635,9
-5877.0,-6096.0,-7101.0,54036,170.1669762134552,20
-5913.0,-6512.0,-6680.0,54143,170.3826620578766,23
-6306.0,-6245.0,-6755.0,54178,170.43319416046143,18
-5954.0,-7030.0,-5688.0,54281,170.7102131843567,16
-6400.0,-7111.0,-5408.0,54349,170.84546899795532,13
-6286.0,-6845.0,-5869.0,54407,170.9331681728363,23
-5493.0,-7377.0,-4685.0,54420,170.95367217063904,16
-6228.0,-7085.0,-5474.0,54454,170.9987280368805,18
-6464.0,-7085.0,-5456.0,54495,171.07404899597168,25
-5419.0,-7495.0,-4472.0,54527,171.17986607551575,10
-5920.0,-6536.0,-6581.0,54574,171.3079481124878,20
-6407.0,-7135.0,-5309.0,54595,171.36294603347778,13
-6212.0,-6963.0,-5656.0,54621,171.4161012172699,23
-6293.0,-6869.0,-5770.0,54655,171.4573860168457,21
-5500.0,-7401.0,-4586.0,54674,171.48262405395508,16
-6471.0,-7109.0,-5357.0,54735,171.59391522407532,25
-5734.0,-7378.0,-4587.0,54853,171.82906317710876,24
-5929.0,-7550.0,-4240.0,54867,171.85303616523743,26
-6349.0,-6685.0,-6235.0,54936,171.96980118751526,18
-6722.0,-7018.0,-5424.0,54969,172.0556092262268,25
-7268.0,-6102.0,-5921.0,55367,173.39651918411255,17
-7327.0,-5605.0,-6335.0,55482,173.8353681564331,18
-6098.0,-6153.0,-6909.0,55915,175.99178099632263,17
-7161.0,-6220.0,-6004.0,55931,176.01566004753113,13
-7548.0,-5662.0,-6143.0,56353,177.45695114135742,15
-5699.0,-7059.0,-5815.0,56358,177.89149618148804,7
-7868.0,-6106.0,-5297.0,56358,177.89157819747925,7
-5590.0,-7382.0,-4349.0,56411,178.1209671497345,20
-6107.0,-7461.0,-4018.0,56616,178.45983505249023,21
-6399.0,-7198.0,-4414.0,56717,178.67274403572083,26
-7145.0,-7088.0,-3849.0,56728,178.68595814704895,25
-6594.0,-7370.0,-4067.0,56741,178.70956015586853,26
-6480.0,-7104.0,-4528.0,56769,178.75030517578125,22
-6100.0,-7437.0,-4117.0,56900,179.0291030406952,25
-6422.0,-7344.0,-4133.0,57009,179.2028250694275,18
-6578.0,-7022.0,-5186.0,57042,179.49955821037292,24
-6893.0,-6905.0,-5301.0,57091,179.59095907211304,21
-6900.0,-6929.0,-5202.0,57116,179.68565702438354,18
-6209.0,-7114.0,-5583.0,57233,179.93883514404297,25
-6216.0,-7138.0,-5484.0,57251,179.97178506851196,19
-6841.0,-7130.0,-3763.0,57388,180.2031021118164,8
-7171.0,-6971.0,-4749.0,57607,180.71063899993896,25
-7690.0,-6489.0,-4969.0,57755,180.90709114074707,10
-7683.0,-6465.0,-5068.0,57780,181.00178003311157,14
-7647.0,-6049.0,-5489.0,57905,181.16841506958008,11
-7495.0,-5773.0,-6108.0,58086,181.60079717636108,8
-7274.0,-5716.0,-6300.0,58200,181.95186305046082,13
-7310.0,-6132.0,-5879.0,58200,181.9518711566925,13
-7373.0,-6049.0,-5926.0,58495,182.8980221748352,15
-7129.0,-6905.0,-5283.0,58875,183.56665515899658,15
-7136.0,-6929.0,-5184.0,58876,183.568186044693,14
-5361.0,-5505.0,-7998.0,58902,197.50504112243652,10
-4912.0,-6269.0,-7497.0,59002,198.04996299743652,26
-4831.0,-6363.0,-7383.0,59030,198.09309220314026,24
-5026.0,-6535.0,-7036.0,59076,198.16613101959229,24
-5399.0,-6178.0,-7546.0,59192,198.44315218925476,11
-5318.0,-6272.0,-7432.0,59228,198.7583611011505,16
-5341.0,-6418.0,-7151.0,59269,198.83216309547424,25
-5790.0,-5654.0,-7652.0,59347,198.95608115196228,21
-5282.0,-5856.0,-7853.0,59356,199.14685010910034,15
-5305.0,-6002.0,-7572.0,59392,199.21901321411133,22
-5792.0,-5911.0,-7621.0,59430,199.31159019470215,26
-5754.0,-5238.0,-8073.0,59466,199.3788661956787,22
-5406.0,-6202.0,-7447.0,59546,199.56053709983826,9
-5325.0,-6296.0,-7333.0,59578,200.28043222427368,14
-5348.0,-6442.0,-7052.0,59622,200.36656999588013,20
-5799.0,-5935.0,-7522.0,59674,200.545960187912,26
-5835.0,-6351.0,-7101.0,59732,200.73381805419922,26
-5496.0,-6183.0,-7210.0,59876,201.43424201011658,26
-5577.0,-6089.0,-7324.0,59898,201.46637320518494,24
-6006.0,-6238.0,-6978.0,59934,201.52802419662476,20
-6013.0,-6262.0,-6879.0,59945,201.56442308425903,19
-6491.0,-5259.0,-7464.0,60419,205.06201004981995,12
-5584.0,-5819.0,-7775.0,60541,205.2405710220337,6
-6859.0,-5715.0,-6792.0,60542,207.18099904060364,7
-7034.0,-5328.0,-7009.0,60568,208.73745703697205,26
-5503.0,-5913.0,-7661.0,60848,211.02576208114624,10
-6013.0,-5968.0,-7429.0,60888,211.2435610294342,26
-6020.0,-5992.0,-7330.0,60923,211.30957508087158,23
-5977.0,-5552.0,-7850.0,60953,211.38670015335083,23
-6342.0,-5347.0,-7589.0,61149,211.7284290790558,8
-6340.0,-5090.0,-7620.0,61149,211.7284300327301,8
-7000.0,-5410.0,-6865.0,61161,212.04016208648682,15
-7759.0,-5740.0,-5699.0,61751,226.04523706436157,7
-7301.0,-4875.0,-6910.0,61752,228.45728611946106,8
-7784.0,-5325.0,-5969.0,61841,230.6372652053833,15
-6936.0,-5080.0,-7171.0,61926,231.00416803359985,16
-7157.0,-5137.0,-6979.0,62071,232.71602821350098,17
-6982.0,-5524.0,-6762.0,62117,232.80466508865356,10
-6465.0,-5156.0,-7559.0,62205,235.7947850227356,8
-7463.0,-5429.0,-6304.0,62399,237.3850131034851,9
-7725.0,-5822.0,-5555.0,62459,237.54475116729736,13
-7123.0,-5219.0,-6835.0,62563,238.09853315353394,17
-6902.0,-5162.0,-7027.0,62575,238.11234211921692,15
-7488.0,-5014.0,-6574.0,62619,238.18238711357117,17
-6733.0,-3471.0,-7713.0,62645,238.24791502952576,3
-7591.0,-4756.0,-6829.0,62646,238.68316221237183,4
-7609.0,-6177.0,-5278.0,62648,245.67076802253723,6
-7370.0,-4699.0,-7021.0,62648,245.67090010643005,6
-7368.0,-4442.0,-7052.0,62648,245.67090320587158,6
-6469.0,-6935.0,-5519.0,62883,257.3210542201996,13
-6297.0,-6909.0,-5585.0,62922,257.38523721694946,18
-6533.0,-6909.0,-5567.0,62938,257.42227005958557,18
-6791.0,-6842.0,-5535.0,63094,257.8234050273895,22
-5998.0,-7374.0,-4351.0,63165,257.9455921649933,18
-7396.0,-5429.0,-6446.0,63508,261.75663805007935,20
-7005.0,-4904.0,-7282.0,64250,268.16025614738464,20
-7003.0,-4647.0,-7313.0,64256,268.16780710220337,18
-6702.0,-4863.0,-7436.0,64406,269.2123701572418,20
-6971.0,-4986.0,-7138.0,64573,269.584349155426,21
-6534.0,-4980.0,-7670.0,64623,269.681725025177,6
-7617.0,-5486.0,-6254.0,64673,277.2477869987488,25
-7226.0,-4961.0,-7090.0,64764,279.97509002685547,26
-6956.0,-3785.0,-7490.0,64851,280.36918115615845,12
-7121.0,-3517.0,-7343.0,64892,280.4206190109253,19
-6917.0,-3658.0,-7511.0,64906,280.4483950138092,17
-6532.0,-4723.0,-7701.0,65067,281.07277822494507,7
-6596.0,-6126.0,-6674.0,65312,286.49992322921753,20
-6925.0,-5505.0,-6834.0,65340,286.5442440509796,18
-7557.0,-4838.0,-6685.0,65496,290.09495306015015,16
-7192.0,-5043.0,-6946.0,65574,290.2237410545349,14
-7532.0,-5253.0,-6415.0,65575,290.2309241294861,9
-7167.0,-5458.0,-6676.0,65643,290.58280301094055,17
-7558.0,-5983.0,-5840.0,65654,290.60780119895935,16
-7089.0,-5685.0,-6610.0,65732,290.844202041626,14
-6949.0,-5650.0,-6669.0,65749,290.86188101768494,15
-7937.0,-5930.0,-5408.0,65759,293.56907200813293,6
-6663.0,-7194.0,-4178.0,65927,294.5764350891113,20
-7214.0,-6912.0,-3960.0,65945,294.5970051288605,18
-6491.0,-7168.0,-4244.0,65986,294.66878604888916,19
-6962.0,-6729.0,-5412.0,66044,294.9594612121582,20
-6969.0,-6753.0,-5313.0,66073,295.0310730934143,17
-6278.0,-6938.0,-5694.0,66105,295.136390209198,21
-6285.0,-6962.0,-5595.0,66119,295.157555103302,17
-7240.0,-6795.0,-4860.0,66263,295.9101941585541,23
-7759.0,-6313.0,-5080.0,66350,296.0432970523834,9
-7752.0,-6289.0,-5179.0,66429,296.33001804351807,11
-7716.0,-5873.0,-5600.0,66431,296.36002802848816,13
-7668.0,-5807.0,-5706.0,66658,297.2198510169983,14
-7257.0,-6232.0,-5808.0,66743,301.30700421333313,19
-6866.0,-5707.0,-6644.0,66757,301.3919460773468,12
-7828.0,-5564.0,-5810.0,66867,301.9810621738434,11
-7051.0,-5348.0,-6873.0,67011,302.272047996521,8
-7442.0,-5873.0,-6037.0,67024,303.28347516059875,16
-7198.0,-6729.0,-5394.0,67336,305.50266313552856,16
-7205.0,-6753.0,-5295.0,67359,305.54298400878906,17
-7408.0,-5955.0,-5893.0,67500,306.0984899997711,14
-7074.0,-5417.0,-6709.0,67614,306.64426708221436,16
-7295.0,-5474.0,-6517.0,67621,306.65359115600586,15
-7564.0,-5597.0,-6219.0,67692,306.77816820144653,9
-7343.0,-5540.0,-6411.0,67757,306.9403672218323,13
-7386.0,-5980.0,-5891.0,67758,306.9507591724396,14
-7379.0,-5956.0,-5990.0,67758,306.9507610797882,14
-7551.0,-6253.0,-5389.0,67824,307.0473279953003,18
-7134.0,-6303.0,-6606.0,67901,307.1988501548767,4
-7493.0,-4508.0,-6991.0,67901,307.19896602630615,4
-7491.0,-4251.0,-7022.0,67901,307.1989691257477,4
-7548.0,-6569.0,-4946.0,67903,310.40153908729553,6
-8315.0,-5710.0,-5251.0,67903,310.40158915519714,6
-8137.0,-6093.0,-4923.0,67903,310.40170216560364,6
-8146.0,-6252.0,-3588.0,67903,310.4017081260681,6
-8267.0,-3512.0,-5949.0,67904,311.7986922264099,7
-8151.0,-4899.0,-5888.0,67905,312.32270312309265,8
-8153.0,-5156.0,-5857.0,67905,312.3227481842041,8
-8130.0,-6069.0,-5022.0,68164,314.78586506843567,10
-8094.0,-5653.0,-5443.0,68164,314.7859492301941,10
-8189.0,-5572.0,-5436.0,68472,316.3368811607361,12
-8196.0,-5596.0,-5337.0,68472,316.33688521385193,12
-7858.0,-5653.0,-5461.0,68659,316.76508808135986,25
-7317.0,-5437.0,-6506.0,68680,316.79778814315796,8
-7726.0,-6186.0,-5274.0,68680,316.7978091239929,8
-7690.0,-5770.0,-5695.0,68681,317.7985370159149,9
-8079.0,-5710.0,-5269.0,68702,318.25261902809143,24
-8269.0,-3769.0,-5918.0,69104,319.67791199684143,12
-8071.0,-5172.0,-5819.0,69299,320.85957503318787,17
-7680.0,-4647.0,-6655.0,69683,326.30984807014465,23
-8111.0,-3542.0,-6002.0,69891,327.07402205467224,16
-8341.0,-4753.0,-5789.0,70090,327.4557421207428,6
-8367.0,-5483.0,-5214.0,70123,328.4025650024414,23
-8534.0,-4290.0,-4713.0,70153,328.4424011707306,15
-8504.0,-4320.0,-4930.0,70202,328.5099182128906,13
-8542.0,-4993.0,-4478.0,70253,328.57589316368103,12
-8506.0,-4577.0,-4899.0,70378,328.7785701751709,11
-8383.0,-5831.0,-4095.0,70573,329.11164021492004,24
-8365.0,-5639.0,-4120.0,70742,329.34161400794983,9
-8349.0,-5291.0,-5239.0,70764,329.49167013168335,26
-7976.0,-4958.0,-6050.0,70907,329.7432072162628,15
-8743.0,-4817.0,-3273.0,71074,330.2692151069641,14
-8568.0,-5472.0,-4324.0,71122,330.35514211654663,25
-8736.0,-4793.0,-3372.0,71145,330.3771262168884,13
-8561.0,-5448.0,-4423.0,71182,330.4386661052704,25
-8577.0,-5631.0,-2989.0,71221,330.4963891506195,25
-8569.0,-5093.0,-3539.0,71241,330.51690316200256,15
-8523.0,-4775.0,-4875.0,71286,330.5840530395508,23
-8525.0,-5032.0,-4844.0,71370,330.6964330673218,19
-8543.0,-5256.0,-4448.0,71380,330.7076270580292,10
-8505.0,-4583.0,-4900.0,71381,330.7170581817627,11
-8507.0,-4840.0,-4869.0,71381,330.7170600891113,11
-8465.0,-3904.0,-5300.0,71696,331.3161060810089,17
-8553.0,-4745.0,-4658.0,71763,331.457848072052,22
-8483.0,-4096.0,-5275.0,71779,331.4726982116699,16
-8282.0,-5250.0,-5375.0,71815,331.8570680618286,8
-7920.0,-6445.0,-3933.0,72107,332.76755118370056,18
-8324.0,-6163.0,-3366.0,72233,333.09937715530396,26
-8317.0,-6139.0,-3465.0,72291,333.2202801704407,24
-8088.0,-6328.0,-3699.0,72298,333.23080706596375,23
-8502.0,-5780.0,-3694.0,72345,333.3453040122986,24
-8308.0,-5980.0,-4800.0,72516,333.65022802352905,14
-7882.0,-6122.0,-5050.0,72546,334.04946517944336,10
-8060.0,-5739.0,-5378.0,72546,334.0494689941406,10
-7875.0,-6098.0,-5149.0,72546,334.04948806762695,10
-7839.0,-5682.0,-5570.0,72547,334.1151361465454,11
-7719.0,-6456.0,-4823.0,72826,334.62502217292786,18
-7904.0,-6097.0,-5052.0,72833,334.6309950351715,15
-7896.0,-5559.0,-5602.0,72893,334.9571840763092,15
-7930.0,-5477.0,-5746.0,72982,338.7834680080414,6
-7265.0,-6722.0,-4899.0,72987,341.13454508781433,11
-7184.0,-6816.0,-4785.0,72989,341.180064201355,13
-7701.0,-6895.0,-4454.0,73081,341.3449032306671,25
-7879.0,-6512.0,-4782.0,73117,341.4142391681671,25
-7694.0,-6871.0,-4553.0,73355,341.83634209632874,25
-7702.0,-6516.0,-3669.0,73385,341.8685870170593,16
-7214.0,-6692.0,-4955.0,73479,342.06920409202576,17
-7207.0,-6962.0,-4504.0,73498,342.10246300697327,18
-7029.0,-7051.0,-4726.0,73518,342.1479721069336,20
-7036.0,-7075.0,-4627.0,73583,342.24424600601196,17
-6877.0,-7121.0,-3518.0,73654,342.3331551551819,15
-7348.0,-6682.0,-4686.0,73801,343.57351303100586,17
-7355.0,-6706.0,-4587.0,73810,343.58413100242615,16
-7753.0,-6374.0,-4967.0,73827,343.6509280204773,19
-7760.0,-6398.0,-4868.0,73832,343.65896105766296,18
-7717.0,-5958.0,-5388.0,73850,343.6769540309906,16
-7938.0,-6015.0,-5196.0,74053,344.3039720058441,17
-7802.0,-5461.0,-5905.0,74121,345.6893961429596,8
-7650.0,-5917.0,-5524.0,74192,346.52525305747986,12
-7693.0,-6357.0,-5004.0,74213,346.68655610084534,18
-7686.0,-6333.0,-5103.0,74213,346.6865601539612,18
-7795.0,-5731.0,-5454.0,74306,346.8764841556549,16
-7871.0,-5974.0,-5332.0,74415,347.20932817459106,10
-7525.0,-6150.0,-5484.0,74463,347.355642080307,15
-7745.0,-5836.0,-5517.0,74488,347.73112201690674,10
-7752.0,-5860.0,-5418.0,74488,347.73113203048706,10
-7709.0,-5420.0,-5938.0,74527,348.2161560058594,12
-7344.0,-5625.0,-6199.0,74797,348.9758810997009,17
-7565.0,-5682.0,-6007.0,74902,349.1826801300049,14
-8440.0,-4319.0,-5030.0,74962,349.43143105506897,7
-8087.0,-4898.0,-5988.0,74962,349.43150806427,7
-8324.0,-5706.0,-4969.0,74964,351.9907560348511,9
-7554.0,-6601.0,-4655.0,74966,352.46349120140076,11
-8105.0,-6319.0,-4437.0,74967,352.4965090751648,12
-8047.0,-6395.0,-4548.0,75178,353.1796782016754,22
-8351.0,-6057.0,-3609.0,75202,353.21464800834656,23
-7717.0,-6554.0,-3562.0,75246,353.2723240852356,21
-8122.0,-6246.0,-3843.0,75254,353.2844350337982,23
-8358.0,-6081.0,-3510.0,75256,353.28580021858215,21
-7892.0,-5571.0,-5605.0,75476,355.0491142272949,20
-8028.0,-5395.0,-5574.0,75786,356.99401211738586,15
-8113.0,-5628.0,-5413.0,75911,357.32028913497925,17
-8466.0,-5049.0,-4455.0,76014,357.46395802497864,17
-8536.0,-5698.0,-3838.0,76017,357.46565318107605,14
-8054.0,-6125.0,-4999.0,76067,357.567351102829,17
-8086.0,-4635.0,-6018.0,76092,358.25928020477295,12
-7884.0,-5033.0,-6155.0,76155,358.46294808387756,19
-8105.0,-5090.0,-5963.0,76177,358.5215570926666,17
-7529.0,-4924.0,-6570.0,76185,358.57558512687683,12
-8098.0,-5360.0,-5512.0,76313,358.86642813682556,15
-7707.0,-4835.0,-6348.0,76326,358.8810682296753,14
-8343.0,-5519.0,-4159.0,76341,358.89361214637756,13
-8458.0,-4511.0,-5005.0,76367,358.9535231590271,18
-7655.0,-5062.0,-6385.0,76414,358.9979121685028,9
-8046.0,-5587.0,-5549.0,76534,359.5808730125427,16
-7519.0,-5238.0,-6416.0,76622,360.2520270347595,22
-7951.0,-5373.0,-5780.0,76631,360.2603452205658,11
-7674.0,-6062.0,-5359.0,76659,360.38542318344116,15
-7740.0,-5295.0,-6224.0,76689,360.45777916908264,13
-7681.0,-5792.0,-5810.0,76692,360.4627079963684,12
-8342.0,-5898.0,-4944.0,76755,360.6634271144867,15
