z1,z2,z3,node,time,depth
-19880.0,-15451.0,-12647.0,1,0.06624317169189453,1
-13728.0,-19517.0,-14178.0,1,0.06625509262084961,1
-13081.0,-17885.0,-17383.0,1,0.06626701354980469,1
-12870.0,-18346.0,-17047.0,1,0.06627893447875977,1
-12474.0,-18744.0,-16811.0,1,0.06629109382629395,1
-12878.0,-19345.0,-15377.0,1,0.06630301475524902,1
-17975.0,-11697.0,-18345.0,1,0.0663149356842041,1
-16910.0,-12341.0,-18751.0,1,0.06632709503173828,1
-14498.0,-14157.0,-19245.0,1,0.06633901596069336,1
-13750.0,-15152.0,-19167.0,1,0.06635093688964844,1
-15973.0,-18826.0,-12653.0,1,0.06636309623718262,1
-19651.0,-15938.0,-12395.0,1,0.0663750171661377,1
-14853.0,-19408.0,-13266.0,1,0.06638693809509277,1
-14417.0,-19542.0,-13783.0,1,0.06639909744262695,1
-20045.0,-13024.0,-14856.0,1,0.06642603874206543,1
-19980.0,-12891.0,-15164.0,1,0.06643795967102051,1
-18581.0,-11483.0,-17963.0,1,0.06645011901855469,1
-12299.0,-18706.0,-16930.0,1,0.06646203994750977,1
-12131.0,-17858.0,-17585.0,1,0.06647396087646484,1
-17708.0,-17652.0,-12669.0,1,0.06648612022399902,1
-17771.0,-17594.0,-12752.0,1,0.0664980411529541,1
-18939.0,-16688.0,-12410.0,1,0.06650996208190918,1
-20144.0,-13934.0,-13799.0,1,0.06652212142944336,1
-20116.0,-13668.0,-14230.0,1,0.06653308868408203,1
-12695.0,-18308.0,-17166.0,1,0.06654500961303711,1
-13132.0,-17141.0,-18034.0,1,0.0665581226348877,1
-13048.0,-16055.0,-18763.0,1,0.06657004356384277,1
-12794.0,-17154.0,-18111.0,1,0.06658101081848145,1
-13459.0,-18592.0,-16311.0,1,0.06659317016601562,1
-13256.0,-17923.0,-17264.0,1,0.0666050910949707,1
-13845.0,-18169.0,-16528.0,1,0.06661701202392578,1
-17502.0,-12352.0,-18430.0,1,0.06662917137145996,1
-15011.0,-14451.0,-18846.0,1,0.06664109230041504,1
-16418.0,-18466.0,-13148.0,1,0.06665301322937012,1
-16481.0,-18408.0,-13231.0,1,0.0666649341583252,1
-13742.0,-19408.0,-14863.0,1,0.06667709350585938,1
-15134.0,-19037.0,-14033.0,1,0.06669902801513672,1
-14900.0,-18845.0,-14693.0,1,0.0667109489440918,1
-14011.0,-19278.0,-14896.0,1,0.06672310829162598,1
-16144.0,-18672.0,-13016.0,1,0.06673502922058105,1
-14686.0,-19412.0,-13816.0,1,0.06674695014953613,1
-15298.0,-19048.0,-13761.0,1,0.06676006317138672,1
-15512.0,-18481.0,-14638.0,1,0.0667719841003418,1
-20135.0,-13818.0,-14057.0,1,0.06678414344787598,1
-19890.0,-13104.0,-15152.0,1,0.06679606437683105,1
-16724.0,-13280.0,-18432.0,1,0.06680798530578613,1
-19160.0,-12625.0,-16568.0,1,0.06682109832763672,1
-19246.0,-11914.0,-16884.0,1,0.0668330192565918,1
-19098.0,-12122.0,-16995.0,1,0.06684494018554688,1
-19634.0,-12802.0,-15821.0,1,0.06685805320739746,1
-19120.0,-15736.0,-13699.0,1,0.06686997413635254,1
-13518.0,-16718.0,-18251.0,1,0.06688308715820312,1
-14206.0,-17820.0,-16643.0,1,0.0668950080871582,1
-14450.0,-17089.0,-17161.0,1,0.06690716743469238,1
-19544.0,-13015.0,-15809.0,1,0.06691908836364746,1
-19610.0,-13521.0,-15236.0,1,0.06693196296691895,1
-18875.0,-15022.0,-14794.0,1,0.06694412231445312,1
-18752.0,-16412.0,-13441.0,1,0.0669560432434082,1
-18473.0,-15694.0,-14648.0,1,0.06696915626525879,1
-17644.0,-16760.0,-14445.0,1,0.06698107719421387,1
-18229.0,-17036.0,-13208.0,1,0.06699299812316895,1
-18390.0,-17002.0,-12961.0,1,0.06700515747070312,1
-18751.0,-16604.0,-13055.0,1,0.0670170783996582,1
-19165.0,-16243.0,-12956.0,1,0.06702899932861328,1
-13053.0,-19383.0,-15258.0,1,0.06704115867614746,1
-13249.0,-19189.0,-15571.0,1,0.06705212593078613,1
-13063.0,-18990.0,-16075.0,1,0.06706404685974121,1
-18230.0,-16844.0,-13594.0,1,0.06707501411437988,1
-17535.0,-16943.0,-14352.0,1,0.06708693504333496,1
-17655.0,-17267.0,-13708.0,1,0.06709814071655273,1
-17610.0,-17628.0,-12999.0,1,0.06711006164550781,1
-17036.0,-17859.0,-13499.0,1,0.06712102890014648,1
-15746.0,-18673.0,-13978.0,1,0.06713294982910156,1
-13865.0,-16055.0,-18590.0,1,0.06714415550231934,1
-18774.0,-13844.0,-16048.0,1,0.06715512275695801,1
-18372.0,-14516.0,-15902.0,1,0.06716704368591309,1
-19943.0,-15088.0,-13179.0,1,0.06717801094055176,1
-19775.0,-13878.0,-14618.0,1,0.06719017028808594,1
-19698.0,-14374.0,-14274.0,1,0.06720113754272461,1
-15072.0,-16067.0,-17559.0,1,0.06721305847167969,1
-16229.0,-16282.0,-16357.0,1,0.06722402572631836,1
-17877.0,-16022.0,-14998.0,1,0.06723499298095703,1
-17511.0,-15953.0,-15436.0,1,0.06724715232849121,1
-18103.0,-13352.0,-17195.0,1,0.06725907325744629,1
-16905.0,-14643.0,-17195.0,1,0.06727004051208496,1
-18262.0,-12445.0,-17807.0,1,0.06728100776672363,1
-17931.0,-13292.0,-17401.0,1,0.06729316711425781,1
-17427.0,-15126.0,-16330.0,1,0.06730413436889648,1
-12711.0,-18371.0,-16782.0,2,0.12286615371704102,2
-12886.0,-18409.0,-16663.0,2,0.12287402153015137,2
-16956.0,-18088.0,-12679.0,2,0.12288212776184082,2
-18037.0,-12200.0,-17918.0,2,0.1229240894317627,2
-18643.0,-11986.0,-17536.0,2,0.12293195724487305,2
-13968.0,-18874.0,-15219.0,2,0.12294912338256836,2
-15836.0,-18670.0,-13292.0,2,0.12298107147216797,2
-15930.0,-18546.0,-13616.0,2,0.12299013137817383,2
-14912.0,-18878.0,-14172.0,2,0.12299799919128418,2
-15126.0,-18311.0,-15049.0,2,0.12302303314208984,2
-14582.0,-14850.0,-18631.0,2,0.12305593490600586,2
-15047.0,-14438.0,-18638.0,2,0.12306404113769531,2
-16588.0,-18234.0,-13282.0,2,0.12312197685241699,2
-16144.0,-17979.0,-14493.0,2,0.12316298484802246,2
-19192.0,-16361.0,-12558.0,2,0.12319517135620117,2
-19102.0,-16252.0,-12946.0,2,0.12320303916931152,2
-19131.0,-14689.0,-14746.0,2,0.12321996688842773,2
-18005.0,-12606.0,-17802.0,2,0.12325310707092285,2
-15360.0,-18503.0,-14389.0,2,0.12328505516052246,2
-14237.0,-18744.0,-15252.0,2,0.12329411506652832,2
-16378.0,-18171.0,-13833.0,2,0.12331008911132812,2
-18410.0,-15703.0,-14638.0,2,0.12333512306213379,2
-19057.0,-15745.0,-13689.0,2,0.1233510971069336,2
-14355.0,-16138.0,-17843.0,3,0.17137813568115234,3
-13481.0,-17752.0,-17089.0,3,0.1713860034942627,3
-19729.0,-15334.0,-12685.0,3,0.17139506340026855,3
-19515.0,-15963.0,-12123.0,3,0.171403169631958,3
-19421.0,-15874.0,-12810.0,3,0.17142009735107422,3
-19087.0,-12821.0,-16272.0,3,0.17143702507019043,3
-15750.0,-15440.0,-17454.0,3,0.17145395278930664,3
-17019.0,-18030.0,-12762.0,3,0.17149710655212402,3
-13711.0,-18253.0,-16329.0,3,0.1715230941772461,3
-17571.0,-13451.0,-17393.0,3,0.17153096199035645,3
-15922.0,-14801.0,-17765.0,3,0.1715390682220459,3
-19716.0,-13925.0,-14418.0,3,0.1715991497039795,3
-19484.0,-15511.0,-13342.0,3,0.1716160774230957,3
-19413.0,-13206.0,-15636.0,3,0.17162394523620605,3
-19142.0,-13687.0,-15663.0,3,0.17163300514221191,3
-18803.0,-16713.0,-12138.0,3,0.17172598838806152,3
-18968.0,-16575.0,-11901.0,3,0.17173409461975098,3
-17936.0,-17456.0,-12515.0,3,0.17174196243286133,3
-19728.0,-14191.0,-14180.0,3,0.17181801795959473,3
-19549.0,-13983.0,-14702.0,3,0.17183494567871094,3
-19323.0,-13419.0,-15624.0,3,0.1718440055847168,3
-15260.0,-16945.0,-16285.0,4,0.2095630168914795,4
-17970.0,-13928.0,-16672.0,4,0.20962810516357422,4
-19356.0,-13985.0,-14979.0,4,0.20969414710998535,4
-17668.0,-14370.0,-16602.0,4,0.2097339630126953,4
-17127.0,-17934.0,-13042.0,4,0.2097921371459961,4
-15567.0,-17688.0,-15203.0,4,0.2098240852355957,4
-16186.0,-17096.0,-15412.0,4,0.20983195304870605,4
-17840.0,-14615.0,-16100.0,5,0.25152015686035156,5
-18367.0,-16517.0,-13693.0,5,0.2516031265258789,5
-17698.0,-16453.0,-14653.0,5,0.2516939640045166,5
-17668.0,-15254.0,-15789.0,5,0.2517070770263672,5
-16934.0,-16169.0,-15508.0,5,0.25180816650390625,5
-19316.0,-14301.0,-14781.0,6,0.27909111976623535,6
-18087.0,-15524.0,-15059.0,6,0.2791731357574463,6
-17148.0,-16965.0,-14377.0,8,0.3080911636352539,8
-18054.0,-16349.0,-13997.0,9,0.31377696990966797,9
-17865.0,-16378.0,-14299.0,25,0.3762800693511963,11
-18044.0,-16338.0,-14114.0,32,0.40183305740356445,10
-18551.0,-16736.0,-12977.0,53,0.48727893829345703,8
-17510.0,-16058.0,-14957.0,53,0.4873361587524414,8
-17908.0,-16562.0,-14100.0,53,0.48734402656555176,8
-18549.0,-16187.0,-13681.0,53,0.48736095428466797,8
-18078.0,-17115.0,-12665.0,74,0.5744030475616455,11
-18520.0,-16795.0,-12771.0,89,0.627784013748169,9
-18142.0,-16343.0,-13827.0,90,0.6418089866638184,10
-17722.0,-17219.0,-13321.0,125,0.775731086730957,10
-17764.0,-16991.0,-13487.0,131,0.8021271228790283,13
-19120.0,-14853.0,-14433.0,198,1.1248230934143066,7
-18014.0,-16369.0,-14105.0,198,1.1248350143432617,7
-18812.0,-15945.0,-13555.0,199,1.1386139392852783,8
-18222.0,-15792.0,-14400.0,231,1.2855510711669922,9
-18555.0,-16864.0,-12724.0,308,1.6335279941558838,8
-18780.0,-16249.0,-13229.0,308,1.6335389614105225,8
-18779.0,-16073.0,-13367.0,343,1.8060100078582764,10
-19057.0,-15216.0,-13901.0,365,1.9192650318145752,11
-18934.0,-15897.0,-13169.0,422,2.1879360675811768,9
-19253.0,-14664.0,-14249.0,499,2.6046969890594482,11
-17414.0,-17639.0,-12804.0,717,3.818833112716675,6
-17923.0,-17339.0,-12580.0,717,3.8188979625701904,6
-17512.0,-16554.0,-14559.0,717,3.8189799785614014,6
-17876.0,-16214.0,-14612.0,717,3.818988084793091,6
-17845.0,-16159.0,-14713.0,717,3.818995952606201,6
-17802.0,-16973.0,-13768.0,717,3.81901216506958,6
-18216.0,-16919.0,-13273.0,717,3.8190290927886963,6
-19178.0,-16333.0,-12602.0,717,3.8190369606018066,6
-17597.0,-17511.0,-13064.0,717,3.819045066833496,6
-19524.0,-15195.0,-13540.0,717,3.8190770149230957,6
-19471.0,-15394.0,-13407.0,717,3.8190860748291016,6
-18934.0,-15042.0,-14385.0,719,3.8616819381713867,8
-18542.0,-16747.0,-12789.0,719,3.8617069721221924,8
-18537.0,-16708.0,-13021.0,719,3.861755132675171,8
-18538.0,-16619.0,-13042.0,720,3.8727779388427734,9
-18198.0,-15914.0,-14381.0,738,3.9503250122070312,13
-17895.0,-16445.0,-14165.0,744,3.972722053527832,11
-17809.0,-16590.0,-14076.0,765,4.053953170776367,9
-17488.0,-16116.0,-14968.0,765,4.053969144821167,9
-18247.0,-16289.0,-13812.0,798,4.201082944869995,11
-17625.0,-16068.0,-14844.0,821,4.3094940185546875,11
-18443.0,-16598.0,-13349.0,898,4.669980049133301,8
-18486.0,-15784.0,-14294.0,898,4.6700050830841064,8
-18309.0,-14879.0,-15370.0,899,4.686706066131592,9
-19068.0,-15052.0,-14214.0,899,4.6867640018463135,9
-19408.0,-15757.0,-12875.0,899,4.686772108078003,9
-19461.0,-15558.0,-13008.0,899,4.686779975891113,9
-18519.0,-15427.0,-14417.0,924,4.80620002746582,12
-18589.0,-15871.0,-13879.0,939,4.885637998580933,10
-17748.0,-17109.0,-13484.0,939,4.885655164718628,10
-18153.0,-16179.0,-14140.0,939,4.88568902015686,10
-18483.0,-16844.0,-12737.0,940,4.899739027023315,11
-18888.0,-15914.0,-13393.0,940,4.899763107299805,11
-18536.0,-16070.0,-13746.0,940,4.89978814125061,11
-17190.0,-17182.0,-13867.0,952,4.948958158493042,12
-17329.0,-17352.0,-13456.0,973,5.046976089477539,11
-18345.0,-16801.0,-13062.0,973,5.046992063522339,11
-18628.0,-16719.0,-12429.0,973,5.0470170974731445,11
-18064.0,-17087.0,-12709.0,973,5.047033071517944,11
-19363.0,-14878.0,-13709.0,1003,5.188210964202881,12
-19232.0,-16045.0,-12756.0,1033,5.330146074295044,13
-19179.0,-16244.0,-12623.0,1033,5.330211162567139,13
-19147.0,-15895.0,-12990.0,1080,5.5564329624176025,9
-18329.0,-15330.0,-14957.0,1080,5.556481122970581,9
-18726.0,-15619.0,-14090.0,1080,5.556506156921387,9
-18231.0,-15533.0,-14670.0,1159,6.006150960922241,11
-19303.0,-14184.0,-14846.0,1160,6.015265941619873,12
-18957.0,-15128.0,-14094.0,1161,6.02091908454895,13
-18920.0,-14293.0,-15240.0,1172,6.059870958328247,13
-18807.0,-15190.0,-14329.0,1173,6.0711281299591064,14
-18593.0,-15086.0,-14738.0,1196,6.150078058242798,15
-18669.0,-15232.0,-14406.0,1281,6.549889087677002,13
-17540.0,-14679.0,-16112.0,1403,7.331804990768433,7
-18271.0,-16840.0,-13235.0,1403,7.331817150115967,7
-17931.0,-16135.0,-14574.0,1403,7.331829071044922,7
-18565.0,-15623.0,-14342.0,1403,7.331840991973877,7
-18996.0,-16207.0,-13155.0,1403,7.331865072250366,7
-19286.0,-14609.0,-14450.0,1403,7.331876993179321,7
-17855.0,-14870.0,-15819.0,1403,7.3318891525268555,7
-17323.0,-15240.0,-15914.0,1403,7.3319010734558105,7
-18527.0,-14436.0,-15606.0,1403,7.3319480419158936,7
-17457.0,-16365.0,-14816.0,1403,7.332008123397827,7
-17652.0,-17432.0,-13026.0,1403,7.332031011581421,7
-18958.0,-15020.0,-14419.0,1404,7.366798162460327,8
-18594.0,-14362.0,-15510.0,1404,7.366815090179443,8
-17822.0,-14998.0,-15631.0,1501,7.837177991867065,12
-17014.0,-16108.0,-15424.0,1544,8.034003019332886,9
-18320.0,-15206.0,-14980.0,1909,10.118652105331421,8
-19203.0,-14927.0,-13950.0,1910,10.144016981124878,9
-18031.0,-16134.0,-14316.0,1912,10.164653062820435,11
-17840.0,-16256.0,-14422.0,1941,10.283565044403076,11
-17915.0,-16136.0,-14324.0,1954,10.341963052749634,13
-18632.0,-15549.0,-14246.0,1954,10.34200406074524,13
-18431.0,-16663.0,-13230.0,2016,10.636481046676636,10
-18641.0,-15704.0,-13998.0,2016,10.63654613494873,10
-18400.0,-16722.0,-13024.0,2051,10.820403099060059,12
-18141.0,-16244.0,-14021.0,2136,11.2308349609375,11
-18033.0,-17047.0,-13013.0,2307,12.298310995101929,9
-18834.0,-16495.0,-12589.0,2307,12.298344135284424,9
-18881.0,-15539.0,-13794.0,2449,13.39961314201355,10
-19315.0,-14457.0,-14335.0,2450,13.42293095588684,11
-19223.0,-14972.0,-13918.0,2450,13.422996044158936,11
-19525.0,-14030.0,-14454.0,2712,15.36815094947815,14
-17468.0,-16767.0,-14491.0,2846,16.555747032165527,5
-18910.0,-16271.0,-12955.0,2846,16.555845022201538,5
-17611.0,-17436.0,-13385.0,2846,16.555860996246338,5
-19053.0,-14910.0,-14524.0,2846,16.555876970291138,5
-18112.0,-14497.0,-16064.0,2846,16.555885076522827,5
-18863.0,-14627.0,-15099.0,2846,16.555894136428833,5
-18075.0,-17173.0,-12183.0,2846,16.555926084518433,5
-19406.0,-15732.0,-13120.0,2846,16.55594301223755,5
-18183.0,-17077.0,-12463.0,2846,16.55595111846924,5
-18690.0,-13917.0,-15698.0,2847,16.59285306930542,6
-18823.0,-14304.0,-15339.0,2847,16.593021154403687,6
-16769.0,-18068.0,-13073.0,2847,16.59309196472168,6
-17341.0,-17277.0,-13797.0,2848,16.611145973205566,7
-15705.0,-15988.0,-16680.0,2848,16.611171007156372,7
-16101.0,-15707.0,-16680.0,2848,16.61117911338806,7
-18023.0,-14603.0,-15851.0,2849,16.629152059555054,8
-18232.0,-15341.0,-15056.0,2849,16.62919306755066,8
-17434.0,-15765.0,-15606.0,2849,16.62920093536377,8
-17810.0,-16398.0,-14462.0,2849,16.629234075546265,8
-17010.0,-15947.0,-15597.0,2851,16.64652109146118,10
-16384.0,-16202.0,-16061.0,2893,16.818217039108276,9
-18099.0,-14954.0,-15415.0,2893,16.81827712059021,9
-16747.0,-15669.0,-16291.0,2893,16.818300008773804,9
-17246.0,-15427.0,-16008.0,2893,16.81833505630493,9
-17589.0,-15685.0,-15310.0,2893,16.818346977233887,9
-17601.0,-15660.0,-15257.0,2894,16.8404221534729,10
-15977.0,-16358.0,-16207.0,2911,16.916980028152466,13
-16827.0,-15608.0,-16207.0,2918,16.94864511489868,12
-15734.0,-16715.0,-16043.0,2935,17.02354598045349,10
-17272.0,-14651.0,-16602.0,2935,17.023579120635986,10
-17301.0,-15378.0,-15965.0,2935,17.023604154586792,10
-16451.0,-16128.0,-15965.0,2946,17.0782470703125,12
-16704.0,-16483.0,-15346.0,2969,17.181653022766113,11
-16385.0,-16489.0,-15618.0,2969,17.18167805671692,11
-17102.0,-15902.0,-15540.0,2970,17.192222118377686,12
-17270.0,-15865.0,-15599.0,3034,17.484578132629395,8
-18457.0,-14235.0,-15777.0,3034,17.48458695411682,8
-17149.0,-16773.0,-14763.0,3034,17.4846031665802,8
-16260.0,-17206.0,-14966.0,3034,17.48462700843811,8
-17004.0,-16036.0,-15649.0,3034,17.484668016433716,8
-17866.0,-16186.0,-14685.0,3036,17.51898193359375,10
-17947.0,-16349.0,-14213.0,3041,17.53996706008911,12
-16977.0,-16619.0,-14888.0,3092,17.765005111694336,12
-18035.0,-15292.0,-15183.0,3109,17.855147123336792,11
-18216.0,-14814.0,-15397.0,3145,18.04249596595764,12
-18217.0,-16727.0,-13659.0,3190,18.27291512489319,9
-16961.0,-16850.0,-14704.0,3190,18.27298593521118,9
-17328.0,-17160.0,-13862.0,3190,18.273080110549927,9
-16748.0,-16844.0,-14883.0,3190,18.273103952407837,9
-16777.0,-16059.0,-15695.0,3191,18.291113138198853,10
-18477.0,-15248.0,-14587.0,3192,18.303226947784424,11
-18453.0,-15911.0,-13892.0,3192,18.303235054016113,11
-18401.0,-15361.0,-14745.0,3223,18.454053163528442,11
-18582.0,-14883.0,-14959.0,3281,18.750575065612793,13
-18032.0,-15942.0,-14702.0,3290,18.814965963363647,10
-17744.0,-15635.0,-15357.0,3290,18.81497812271118,10
-18084.0,-16340.0,-14018.0,3290,18.814990043640137,10
-17291.0,-16576.0,-14532.0,3290,18.815014123916626,10
-17653.0,-15756.0,-15205.0,3333,19.049925088882446,13
-18760.0,-14667.0,-14807.0,3545,20.320268154144287,7
-17371.0,-16128.0,-15074.0,3545,20.320276021957397,7
-17605.0,-14733.0,-16070.0,3545,20.320317029953003,7
-17548.0,-17033.0,-13998.0,3545,20.32034206390381,7
-18346.0,-16609.0,-13448.0,3545,20.320366144180298,7
-18056.0,-16190.0,-14239.0,3545,20.320383071899414,7
-16421.0,-17357.0,-14778.0,3545,20.320390939712524,7
-16088.0,-17752.0,-14624.0,3545,20.32046103477478,7
-17598.0,-17319.0,-13450.0,3546,20.35537815093994,8
-17113.0,-17906.0,-13086.0,3546,20.35538601875305,8
-17191.0,-16990.0,-14253.0,3547,20.377406120300293,9
-17028.0,-16994.0,-14282.0,3589,20.58418107032776,10
-16471.0,-17643.0,-14230.0,3647,20.923524141311646,10
-17114.0,-17817.0,-13107.0,3944,22.594988107681274,17
-16484.0,-17760.0,-14165.0,3993,22.93670105934143,8
-16849.0,-17359.0,-14282.0,3993,22.93671703338623,8
-17620.0,-15677.0,-15215.0,3993,22.93672513961792,8
-16722.0,-17869.0,-13588.0,3994,22.964445114135742,9
-16941.0,-16876.0,-14599.0,4055,23.28216814994812,12
-18045.0,-16354.0,-13926.0,4147,23.82432794570923,15
-16086.0,-17256.0,-15022.0,4361,25.252333164215088,9
-17356.0,-17447.0,-13294.0,4361,25.252392053604126,9
-16095.0,-18238.0,-13642.0,4537,26.40747904777527,17
-17007.0,-17861.0,-13295.0,4603,26.828606128692627,10
-16169.0,-17433.0,-14628.0,5246,31.35562300682068,18
-16717.0,-17442.0,-14086.0,5284,31.55350613594055,16
-18122.0,-16940.0,-13314.0,5420,32.682656049728394,6
-17503.0,-17532.0,-13105.0,5420,32.682750940322876,6
-15879.0,-18230.0,-14055.0,5420,32.68276309967041,6
-18150.0,-15684.0,-14800.0,5420,32.68279814720154,6
-19216.0,-15449.0,-13695.0,5420,32.68282198905945,6
-16498.0,-17638.0,-14264.0,5420,32.68283414840698,6
-16844.0,-18036.0,-13053.0,5420,32.682857036590576,6
-16278.0,-18244.0,-13506.0,5420,32.68286895751953,6
-15649.0,-18164.0,-14441.0,5420,32.68289303779602,6
-15549.0,-16606.0,-16337.0,5420,32.682904958724976,6
-15604.0,-16795.0,-16080.0,5420,32.68291711807251,6
-16541.0,-16824.0,-15209.0,5420,32.682929039001465,6
-17438.0,-16434.0,-14815.0,5420,32.68294095993042,6
-15968.0,-16455.0,-16133.0,5420,32.68295216560364,6
-18325.0,-14161.0,-15921.0,5422,32.75173997879028,8
-18287.0,-16802.0,-13077.0,5422,32.751806020736694,8
-17936.0,-16590.0,-13883.0,5423,32.77340507507324,9
-19042.0,-15074.0,-14211.0,5423,32.77347016334534,9
-18648.0,-15840.0,-13868.0,5423,32.77349400520325,9
-17827.0,-15505.0,-15221.0,5424,32.786267042160034,10
-17595.0,-14851.0,-15981.0,5528,33.35245704650879,9
-18689.0,-14819.0,-14830.0,5529,33.36881899833679,10
-19256.0,-15133.0,-13893.0,5529,33.3688850402832,10
-18544.0,-15883.0,-13908.0,5530,33.38215208053589,11
-18834.0,-16190.0,-13299.0,5559,33.52420210838318,11
-19393.0,-15615.0,-13185.0,5603,33.7565701007843,13
-19203.0,-15332.0,-13760.0,5603,33.75657796859741,13
-19208.0,-14830.0,-14228.0,5634,33.915802001953125,10
-19056.0,-14282.0,-14943.0,5720,34.441473960876465,11
-19096.0,-13966.0,-15141.0,5720,34.441489934921265,11
-19043.0,-14165.0,-15008.0,5722,34.46339297294617,13
-18497.0,-14558.0,-15537.0,5861,35.3776490688324,8
-18730.0,-14240.0,-15458.0,5861,35.37767195701599,8
-18687.0,-14841.0,-14962.0,5861,35.37774395942688,8
-17250.0,-16126.0,-15212.0,5861,35.37780213356018,8
-18505.0,-14601.0,-15346.0,5896,35.584867000579834,13
-16549.0,-16867.0,-15018.0,5980,36.121926069259644,11
-19260.0,-15228.0,-13544.0,6029,36.485857009887695,9
-16719.0,-16585.0,-15168.0,6029,36.48596906661987,9
-19070.0,-14945.0,-14119.0,6030,36.51544713973999,10
-18017.0,-15297.0,-15159.0,6163,37.43937706947327,10
-16023.0,-16376.0,-16095.0,6178,37.54979205131531,14
-16774.0,-16506.0,-15130.0,6205,37.668853998184204,16
-17979.0,-14110.0,-16423.0,6358,38.68315315246582,16
-17505.0,-14340.0,-16665.0,6399,38.940855979919434,11
-18639.0,-14361.0,-15306.0,6399,38.94098615646362,11
-17266.0,-14666.0,-16559.0,6778,42.135791063308716,7
-17408.0,-15235.0,-15951.0,6778,42.135802030563354,7
-18226.0,-15765.0,-14456.0,6778,42.13581395149231,7
-17648.0,-16543.0,-14262.0,6778,42.135969161987305,7
-17585.0,-16140.0,-14875.0,6778,42.13598012924194,7
-18331.0,-14726.0,-15297.0,6779,42.184978008270264,8
-16355.0,-16925.0,-15115.0,6779,42.185075998306274,8
-19140.0,-15695.0,-13228.0,7193,45.368688106536865,17
-17668.0,-17394.0,-12868.0,7258,45.82102394104004,13
-17655.0,-17277.0,-12933.0,7322,46.287068128585815,21
-17184.0,-17892.0,-12525.0,7373,46.778804063797,11
-16899.0,-17957.0,-13015.0,7605,49.139326095581055,20
-16882.0,-18055.0,-12762.0,7660,49.62212800979614,8
-16852.0,-18013.0,-13006.0,7660,49.62232995033264,8
-17924.0,-15801.0,-14731.0,7781,50.47838497161865,15
-16886.0,-16466.0,-15159.0,7887,51.37185215950012,10
-16276.0,-16061.0,-16090.0,8161,53.45181608200073,12
-16721.0,-18089.0,-13009.0,8970,60.758630990982056,13
-16223.0,-17933.0,-13941.0,9078,61.5295250415802,15
-17207.0,-17642.0,-13491.0,9685,68.18607902526855,4
-17643.0,-16952.0,-14059.0,9685,68.18608808517456,4
-17080.0,-15789.0,-15991.0,9685,68.18611598014832,4
-16143.0,-18171.0,-14107.0,9685,68.1861720085144,4
-18898.0,-15427.0,-14193.0,9685,68.18619108200073,4
-18358.0,-16173.0,-14046.0,9685,68.18620896339417,4
-19400.0,-14684.0,-14236.0,9685,68.18622708320618,4
-18899.0,-15921.0,-13358.0,9685,68.1862690448761,4
-15661.0,-18676.0,-13583.0,9686,68.24431014060974,5
-14407.0,-17903.0,-16216.0,9686,68.24436807632446,5
-18060.0,-14166.0,-16250.0,9686,68.24437594413757,5
-18822.0,-14243.0,-15353.0,9686,68.24442505836487,5
-18320.0,-14986.0,-15310.0,9686,68.24443411827087,5
-14719.0,-18445.0,-15068.0,9686,68.2444839477539,5
-14986.0,-18542.0,-14663.0,9686,68.24449300765991,5
-15967.0,-17074.0,-15569.0,9688,68.30591702461243,7
-16139.0,-16435.0,-15880.0,9688,68.30598402023315,7
-14574.0,-18073.0,-15484.0,9688,68.30599212646484,7
-14849.0,-17994.0,-15520.0,9688,68.30599999427795,7
-18835.0,-15790.0,-13661.0,9688,68.30600810050964,7
-16201.0,-17937.0,-13976.0,9695,68.37945508956909,11
-16627.0,-17038.0,-14992.0,9735,68.55297207832336,9
-16626.0,-17230.0,-14606.0,9736,68.56853199005127,10
-16755.0,-17193.0,-14648.0,9761,68.69668006896973,10
-16770.0,-17363.0,-14145.0,9769,68.73990893363953,13
-16541.0,-17850.0,-13893.0,9776,68.76761603355408,13
-17354.0,-17348.0,-13551.0,9783,68.80314993858337,11
-16266.0,-17929.0,-13857.0,9797,68.87738609313965,16
-17965.0,-16652.0,-13828.0,9801,68.90495204925537,12
-17793.0,-16629.0,-14121.0,9801,68.90501093864441,12
-18194.0,-16165.0,-14080.0,9802,68.92906999588013,13
-17691.0,-16539.0,-14178.0,9827,69.03648805618286,17
-16940.0,-16106.0,-15513.0,9860,69.2285840511322,8
-16165.0,-17807.0,-14108.0,9860,69.22860813140869,8
-17753.0,-16484.0,-14224.0,9860,69.22870397567749,8
-18434.0,-16254.0,-13702.0,9860,69.22872710227966,8
-18567.0,-15728.0,-14014.0,9947,69.85523796081543,11
-18820.0,-15648.0,-13971.0,9994,70.172119140625,10
-18630.0,-15365.0,-14546.0,10009,70.31220698356628,12
-19663.0,-14124.0,-14285.0,10115,71.13208198547363,7
-16825.0,-16677.0,-15118.0,10115,71.1321051120758,7
-16099.0,-17759.0,-14589.0,10115,71.13213205337524,7
-16438.0,-17534.0,-14463.0,10115,71.13214302062988,7
-18164.0,-16186.0,-14105.0,10115,71.13219094276428,7
-17523.0,-16561.0,-14524.0,10115,71.13221406936646,7
-15148.0,-16991.0,-16242.0,10116,71.17223000526428,8
-16056.0,-16553.0,-15844.0,10116,71.17231893539429,8
-16506.0,-16839.0,-15071.0,10118,71.20653295516968,10
-15808.0,-16955.0,-15665.0,10119,71.21542811393738,11
-15325.0,-17896.0,-15166.0,10153,71.34752607345581,10
-16031.0,-17205.0,-15266.0,10228,71.79474306106567,9
-16030.0,-17397.0,-14880.0,10281,72.16250801086426,11
-16453.0,-16148.0,-15860.0,10423,73.11600112915039,8
-18067.0,-16197.0,-14204.0,10423,73.11609315872192,8
-19301.0,-15071.0,-13648.0,10557,74.35450601577759,9
-18680.0,-15239.0,-14371.0,10703,75.54051113128662,10
-14267.0,-17387.0,-16598.0,10906,77.65136003494263,6
-17646.0,-16923.0,-14061.0,10906,77.6514241695404,6
-15876.0,-18074.0,-14512.0,10906,77.65143203735352,6
-15689.0,-17574.0,-15295.0,10906,77.65144109725952,6
-19337.0,-15047.0,-13704.0,10906,77.6515121459961,6
-18146.0,-16017.0,-14488.0,10906,77.65165901184082,6
-17511.0,-16373.0,-14804.0,10906,77.65167117118835,6
-18860.0,-15430.0,-14089.0,10907,77.6933901309967,7
-17338.0,-16224.0,-14923.0,10908,77.71072506904602,8
-15809.0,-17878.0,-14737.0,10974,78.11904716491699,9
-16451.0,-17651.0,-14398.0,10974,78.11906313896179,9
-16543.0,-18013.0,-13509.0,10975,78.13812708854675,10
-18100.0,-16301.0,-14026.0,10976,78.15478706359863,11
-17020.0,-17142.0,-14274.0,11030,78.51620602607727,10
-16237.0,-18218.0,-13521.0,11031,78.52977895736694,11
-16131.0,-17665.0,-14599.0,11032,78.53934097290039,12
-16939.0,-17580.0,-13844.0,11104,78.94631695747375,11
-16279.0,-17616.0,-14421.0,11104,78.94634199142456,11
-15968.0,-18348.0,-13488.0,11118,79.03000807762146,14
-16547.0,-17678.0,-14068.0,11172,79.33512997627258,12
-16450.0,-17843.0,-14012.0,11172,79.33517003059387,12
-16044.0,-18052.0,-14166.0,11172,79.33517813682556,12
-16611.0,-17809.0,-13765.0,11232,79.72053003311157,14
-17698.0,-16873.0,-14021.0,11261,79.98585796356201,8
-16011.0,-17592.0,-14852.0,11261,79.98588109016418,8
-14925.0,-17290.0,-16150.0,11261,79.98590517044067,8
-16198.0,-18092.0,-14069.0,11261,79.98591709136963,8
-18225.0,-15786.0,-14405.0,11262,80.00982308387756,9
-16494.0,-16651.0,-15351.0,11274,80.08679294586182,12
-16231.0,-16865.0,-15341.0,11312,80.35011506080627,10
-18152.0,-16251.0,-13986.0,11392,80.81182909011841,11
-15960.0,-18299.0,-13847.0,11497,81.66442012786865,9
-16071.0,-17659.0,-14650.0,11497,81.66445994377136,9
-18306.0,-16175.0,-13855.0,11497,81.6645040512085,9
-18145.0,-16209.0,-14102.0,11498,81.69519805908203,10
-16367.0,-16218.0,-15932.0,11537,81.90448713302612,12
-16104.0,-16432.0,-15922.0,11572,82.11000204086304,15
-17129.0,-16295.0,-15035.0,11616,82.40113401412964,13
-17273.0,-16580.0,-14582.0,11955,84.90278506278992,11
-17192.0,-17018.0,-14152.0,11955,84.90283608436584,11
-16655.0,-17114.0,-14670.0,12212,86.80902314186096,7
-18713.0,-15090.0,-14592.0,12213,86.85027194023132,8
-18793.0,-15876.0,-13567.0,12566,90.48578000068665,8
-18497.0,-14978.0,-14905.0,12567,90.52613115310669,9
-18187.0,-14599.0,-15669.0,12567,90.5262770652771,9
-18728.0,-15118.0,-14449.0,12947,94.20467114448547,12
-19322.0,-14905.0,-14014.0,12990,94.70227193832397,10
-19132.0,-14622.0,-14589.0,12990,94.70236206054688,10
-19459.0,-13990.0,-14591.0,12990,94.70237016677856,10
-18460.0,-15056.0,-14802.0,13058,95.32806015014648,13
-19478.0,-13339.0,-15328.0,13753,102.9157280921936,5
-15675.0,-17991.0,-14939.0,13753,102.9157600402832,5
-15699.0,-18695.0,-13292.0,13753,102.91580104827881,5
-17322.0,-16478.0,-14951.0,13753,102.9158091545105,5
-15854.0,-17560.0,-15284.0,13753,102.91581702232361,5
-17614.0,-15626.0,-15547.0,13753,102.91587400436401,5
-18207.0,-15372.0,-15050.0,13753,102.91588997840881,5
-18730.0,-14217.0,-15632.0,13753,102.9158980846405,5
-17025.0,-17352.0,-14236.0,13753,102.9159140586853,5
-17024.0,-17544.0,-13850.0,13753,102.91592216491699,5
-15125.0,-18503.0,-14663.0,13753,102.91594696044922,5
-17963.0,-16103.0,-14532.0,13753,102.91596293449402,5
-15992.0,-15245.0,-17227.0,13754,102.97388195991516,6
-14425.0,-16582.0,-17305.0,13754,102.97393107414246,6
-13584.0,-17820.0,-16910.0,13754,102.97393894195557,6
-15488.0,-17491.0,-15722.0,13754,102.97397208213806,6
-15411.0,-17303.0,-15892.0,13755,103.01083302497864,7
-15151.0,-16483.0,-16832.0,13755,103.01084113121033,7
-17060.0,-15953.0,-15520.0,13755,103.01091408729553,7
-17300.0,-17484.0,-13267.0,13756,103.04358005523682,8
-15278.0,-16916.0,-16251.0,13756,103.0436041355133,8
-17027.0,-17515.0,-13852.0,13757,103.06245613098145,9
-15913.0,-18128.0,-14169.0,13795,103.24391007423401,10
-16320.0,-18172.0,-13635.0,13821,103.3788571357727,11
-16008.0,-17630.0,-14783.0,13880,103.71761512756348,12
-15410.0,-17495.0,-15506.0,13903,103.83536696434021,11
-16841.0,-17672.0,-13590.0,13994,104.37159895896912,10
-14486.0,-18007.0,-15621.0,14077,104.86805510520935,13
-14362.0,-18027.0,-15904.0,14108,105.08352613449097,12
-16765.0,-16532.0,-15176.0,14251,105.95219612121582,8
-14307.0,-18228.0,-15722.0,14251,105.95221996307373,8
-16206.0,-17269.0,-14909.0,14251,105.95223212242126,8
-14592.0,-17220.0,-16565.0,14328,106.4395489692688,10
-15913.0,-16560.0,-15935.0,14539,107.83070206642151,9
-13945.0,-17993.0,-16419.0,14746,109.99292516708374,7
-15193.0,-18496.0,-14415.0,14746,109.99296998977661,7
-13682.0,-17526.0,-16966.0,14746,109.99299502372742,7
-13873.0,-17481.0,-16962.0,14746,109.9930031299591,7
-14518.0,-18362.0,-15495.0,14746,109.99301099777222,7
-14526.0,-18405.0,-15304.0,14746,109.99302005767822,7
-14911.0,-17707.0,-15794.0,14747,110.03362894058228,8
-16349.0,-16054.0,-16188.0,14747,110.03368616104126,8
-16306.0,-17071.0,-14974.0,14748,110.06736516952515,9
-16387.0,-17241.0,-14924.0,14845,110.8887779712677,9
-16305.0,-16756.0,-15498.0,14913,111.46001815795898,10
-15853.0,-17752.0,-14898.0,14915,111.50242209434509,12
-15842.0,-17916.0,-14585.0,14973,111.86182713508606,14
-15908.0,-17673.0,-14860.0,15004,112.06345105171204,13
-15757.0,-16802.0,-15850.0,15077,112.606271982193,11
-17137.0,-16141.0,-15350.0,15212,113.9576301574707,8
-17503.0,-16210.0,-14912.0,15212,113.9576461315155,8
-15415.0,-17972.0,-15101.0,15212,113.95774412155151,8
-15898.0,-17676.0,-15016.0,15212,113.95776009559631,8
-15900.0,-17839.0,-14632.0,15212,113.95776796340942,8
-15843.0,-17724.0,-14971.0,15213,113.99880409240723,9
-14596.0,-17889.0,-15774.0,15215,114.03950309753418,11
-15227.0,-17664.0,-15498.0,15249,114.23710203170776,13
-15024.0,-17641.0,-15644.0,15262,114.30638599395752,15
-14954.0,-18157.0,-15174.0,15312,114.61961913108826,12
-14909.0,-18030.0,-15241.0,15417,115.41919302940369,10
-16398.0,-16886.0,-15134.0,15417,115.41925811767578,10
-14696.0,-18123.0,-15454.0,15592,116.97219395637512,9
-15855.0,-16470.0,-16271.0,15592,116.9723379611969,9
-15035.0,-17477.0,-15957.0,15593,117.00325298309326,10
-16356.0,-16817.0,-15327.0,15731,118.13632702827454,11
-14751.0,-18044.0,-15416.0,15731,118.13638401031494,11
-15721.0,-17173.0,-15643.0,15731,118.13639998435974,11
-14881.0,-17954.0,-15563.0,16148,122.0134961605072,10
-17062.0,-16459.0,-15113.0,16148,122.01371598243713,10
-15433.0,-15982.0,-16960.0,16149,122.04709315299988,11
-14981.0,-17574.0,-15935.0,16152,122.10215997695923,14
-16127.0,-17222.0,-15086.0,16160,122.13848900794983,15
-16165.0,-16849.0,-15507.0,16177,122.22011113166809,14
-14987.0,-17485.0,-15883.0,16179,122.24550199508667,16
-15011.0,-17039.0,-16366.0,16248,122.64806699752808,13
-16496.0,-16095.0,-15852.0,16402,124.06325602531433,17
-14000.0,-17914.0,-16381.0,16594,126.27852416038513,11
-14724.0,-17207.0,-16577.0,16594,126.27856016159058,11
-16400.0,-16933.0,-15059.0,16594,126.27871298789978,11
-16920.0,-15890.0,-15721.0,16594,126.27872395515442,11
-16119.0,-16571.0,-15757.0,16595,126.31861209869385,12
-15977.0,-16631.0,-15830.0,16916,129.7170000076294,12
-14428.0,-17666.0,-16251.0,16916,129.71704196929932,12
-14651.0,-17688.0,-15956.0,16916,129.71705102920532,12
-15079.0,-17440.0,-15826.0,16916,129.717059135437,12
-14708.0,-17077.0,-16686.0,16917,129.75460600852966,13
-14727.0,-16665.0,-16823.0,16919,129.79418015480042,15
-14463.0,-17380.0,-16353.0,16940,129.9014401435852,19
-14301.0,-17233.0,-16832.0,16945,129.9417440891266,18
-16357.0,-15727.0,-16314.0,17003,130.3091380596161,16
-16098.0,-16829.0,-15802.0,17853,138.85872316360474,6
-15919.0,-17260.0,-15457.0,17853,138.85873103141785,6
-15058.0,-17987.0,-15323.0,17853,138.85873913764954,6
-17267.0,-16289.0,-15208.0,17853,138.85883712768555,6
-17269.0,-16621.0,-14754.0,17853,138.85886907577515,6
-14241.0,-18402.0,-15452.0,17853,138.85890197753906,6
-17566.0,-15747.0,-15469.0,17853,138.85893416404724,6
-19364.0,-13533.0,-15271.0,17854,138.92487406730652,7
-19232.0,-13474.0,-15675.0,17854,138.92489004135132,7
-15590.0,-16603.0,-16332.0,17854,138.92494702339172,7
-19297.0,-13607.0,-15367.0,17854,138.92497897148132,7
-18003.0,-14697.0,-15953.0,17854,138.9250030517578,7
-16109.0,-15301.0,-16982.0,17854,138.92502808570862,7
-15155.0,-16976.0,-16312.0,17854,138.92503595352173,7
-15937.0,-15940.0,-16671.0,17854,138.92505407333374,7
-16593.0,-15323.0,-16706.0,17854,138.92506313323975,7
-15369.0,-17772.0,-15181.0,17855,138.98873496055603,8
-18306.0,-14896.0,-15324.0,17857,139.03721499443054,10
-17781.0,-15551.0,-15193.0,17883,139.1957139968872,14
-17930.0,-15542.0,-14999.0,17956,139.67927598953247,10
-19079.0,-14050.0,-15131.0,17957,139.69945907592773,11
-19036.0,-14026.0,-15327.0,18026,140.1484830379486,11
-16631.0,-16510.0,-15442.0,18097,140.8738579750061,9
-16862.0,-15093.0,-16537.0,18099,140.91716599464417,11
-16549.0,-16025.0,-16016.0,18099,140.91721510887146,11
-16910.0,-14972.0,-16615.0,18152,141.2773711681366,11
-16597.0,-15904.0,-16094.0,18152,141.2773880958557,11
-16308.0,-16331.0,-15863.0,18228,141.71505904197693,12
-16114.0,-16845.0,-15595.0,18242,141.82951402664185,13
-16097.0,-17021.0,-15416.0,18291,142.25461602210999,10
-15654.0,-16764.0,-16024.0,18291,142.2546730041504,10
-16086.0,-17185.0,-15103.0,18439,143.75409698486328,14
-17656.0,-15360.0,-15614.0,18535,144.72044014930725,9
-17468.0,-16265.0,-14848.0,18537,144.77230095863342,11
-17721.0,-15667.0,-15173.0,18539,144.79828906059265,13
-18026.0,-14955.0,-15519.0,18657,145.731791973114,10
-18689.0,-14689.0,-14988.0,18657,145.7318980693817,10
-18560.0,-13908.0,-15888.0,18785,147.04535698890686,15
-18527.0,-14036.0,-15700.0,18804,147.16816997528076,18
-18512.0,-14029.0,-15810.0,18821,147.26792216300964,16
-18952.0,-14063.0,-15240.0,18850,147.499351978302,14
-16250.0,-16567.0,-15755.0,18906,148.17093300819397,9
-17385.0,-16053.0,-15011.0,18906,148.17111110687256,9
-16156.0,-16579.0,-15662.0,19065,149.48336601257324,11
-16120.0,-17263.0,-14924.0,19066,149.50247812271118,12
-16252.0,-16941.0,-15120.0,19067,149.5172040462494,13
-15934.0,-17433.0,-14902.0,19193,150.7682819366455,13
-15968.0,-17484.0,-14896.0,19240,151.31601214408875,10
-16451.0,-16543.0,-15395.0,19381,152.63651514053345,12
-17782.0,-15359.0,-15579.0,19735,157.59588408470154,7
-15370.0,-17580.0,-15567.0,19735,157.59594893455505,7
-18458.0,-13585.0,-16444.0,19736,157.64142203330994,8
-14606.0,-17296.0,-16422.0,19736,157.64150404930115,8
-15218.0,-17828.0,-15366.0,19736,157.64152002334595,8
-17435.0,-16022.0,-15240.0,19736,157.64163398742676,8
-15655.0,-16572.0,-16410.0,19736,157.64172410964966,8
-19312.0,-13583.0,-15311.0,19737,157.7013030052185,9
-18918.0,-14349.0,-14968.0,19738,157.7250781059265,10
-18204.0,-14936.0,-15367.0,19738,157.72509002685547,10
-17065.0,-15946.0,-15657.0,19738,157.7252321243286,10
-17304.0,-15222.0,-16038.0,19739,157.74877214431763,11
-17368.0,-16145.0,-15028.0,19740,157.7654480934143,12
-16252.0,-16899.0,-15301.0,19763,157.89497995376587,12
-15565.0,-17165.0,-15705.0,19811,158.25118708610535,12
-14895.0,-16957.0,-16474.0,19967,159.44089913368225,10
-16087.0,-16993.0,-15489.0,19967,159.44091606140137,10
-15677.0,-15921.0,-16833.0,19967,159.44096493721008,10
-15659.0,-17241.0,-15619.0,19967,159.44097304344177,10
-18958.0,-14247.0,-15105.0,19967,159.44113516807556,10
-16105.0,-15673.0,-16703.0,19968,159.47010016441345,11
-18496.0,-14772.0,-15180.0,19968,159.47019696235657,11
-17354.0,-15607.0,-15709.0,19969,159.49469709396362,12
-16282.0,-16578.0,-15627.0,19970,159.51124000549316,13
-17795.0,-15358.0,-15508.0,19971,159.52004599571228,14
-17931.0,-15228.0,-15255.0,19994,159.63103795051575,15
-17747.0,-15479.0,-15430.0,20011,159.73500895500183,13
-17306.0,-15728.0,-15631.0,20011,159.73503303527832,13
-16371.0,-16491.0,-15604.0,20020,159.78448510169983,15
-17736.0,-15643.0,-15117.0,20043,159.9098801612854,14
-17743.0,-14678.0,-16115.0,20231,161.34804701805115,11
-17947.0,-15353.0,-15212.0,20231,161.34809494018555,11
-18487.0,-14628.0,-15285.0,20312,161.9849750995636,13
-18768.0,-13964.0,-15680.0,20352,162.26669001579285,14
-18882.0,-13668.0,-15825.0,20430,162.80139994621277,15
-17078.0,-14705.0,-16647.0,20497,163.40772199630737,12
-18911.0,-13949.0,-15593.0,20776,166.31539106369019,9
-18972.0,-13455.0,-15837.0,20776,166.31541514396667,9
-18111.0,-14248.0,-16105.0,20776,166.31545114517212,9
-16718.0,-16609.0,-15318.0,20776,166.3154740333557,9
-15330.0,-16584.0,-16494.0,20776,166.31561613082886,9
-15041.0,-16923.0,-16442.0,20776,166.3156280517578,9
-16124.0,-17123.0,-15136.0,20777,166.36818194389343,10
-15701.0,-16887.0,-15865.0,20777,166.36821603775024,10
-17007.0,-16270.0,-15370.0,20778,166.40184903144836,11
-17396.0,-15341.0,-15776.0,20779,166.4222240447998,12
-17448.0,-16021.0,-15169.0,20848,166.92345094680786,12
-15990.0,-16548.0,-15917.0,20862,167.0094690322876,15
-17792.0,-15466.0,-15336.0,20967,167.9112811088562,11
-16852.0,-16372.0,-15371.0,20967,167.91132998466492,11
-18470.0,-14198.0,-15794.0,20967,167.91137099266052,11
-18900.0,-14113.0,-15280.0,20968,167.94062614440918,12
-18294.0,-14723.0,-15379.0,21123,169.18511700630188,12
-19389.0,-13253.0,-15388.0,21175,169.63376903533936,13
-15935.0,-17241.0,-15288.0,21298,171.08183002471924,10
-16253.0,-16749.0,-15506.0,21298,171.08191204071045,10
-15507.0,-17489.0,-15418.0,21482,173.14032411575317,14
-15611.0,-16976.0,-15845.0,21482,173.14038014411926,14
-16558.0,-16037.0,-15852.0,21754,175.8577539920807,12
-15732.0,-16760.0,-16240.0,21961,178.4850471019745,8
-19190.0,-13032.0,-15983.0,21961,178.4850630760193,8
-18957.0,-13350.0,-16062.0,21961,178.4850721359253,8
-16558.0,-16768.0,-15275.0,21961,178.4850800037384,8
-16142.0,-16945.0,-15534.0,21961,178.4850881099701,8
-18862.0,-13525.0,-16039.0,21961,178.4851369857788,8
-18413.0,-13731.0,-16431.0,21961,178.4851450920105,8
-18603.0,-14014.0,-15856.0,21961,178.4851939678192,8
-18141.0,-14539.0,-15931.0,21961,178.485209941864,8
-18022.0,-15035.0,-15449.0,21961,178.4852750301361,8
-14968.0,-16476.0,-17095.0,21962,178.55476307868958,9
-15403.0,-16103.0,-17115.0,21962,178.55477094650269,9
-15580.0,-17008.0,-16039.0,21962,178.55486297607422,9
-17794.0,-15202.0,-15592.0,21963,178.60265493392944,10
-17381.0,-15410.0,-15868.0,21963,178.60269498825073,10
-17399.0,-14090.0,-17082.0,21963,178.60270309448242,10
-17576.0,-14995.0,-16006.0,22010,179.02595400810242,12
-17607.0,-15050.0,-15905.0,22010,179.0259771347046,12
-17164.0,-14793.0,-16513.0,22011,179.0522849559784,13
-18217.0,-14620.0,-15587.0,22024,179.1356179714203,15
-18040.0,-13715.0,-16663.0,22071,179.450786113739,17
-17224.0,-14114.0,-17054.0,22209,180.6045160293579,11
-17756.0,-14015.0,-16856.0,22209,180.60463905334473,11
-18651.0,-13129.0,-16533.0,22209,180.60464715957642,11
-18545.0,-13880.0,-16031.0,22209,180.60467910766602,11
-19099.0,-13153.0,-15831.0,22209,180.60469508171082,11
-18515.0,-14188.0,-15700.0,22209,180.60476803779602,11
-18778.0,-13562.0,-15952.0,22354,181.69561314582825,14
-17116.0,-14884.0,-16440.0,22459,182.70890307426453,16
-16723.0,-14472.0,-17398.0,22678,184.80794501304626,10
-18740.0,-13099.0,-16433.0,22678,184.80803513526917,10
-18373.0,-13408.0,-16671.0,22678,184.80804300308228,10
-18256.0,-14677.0,-15517.0,22678,184.80811715126038,10
-15927.0,-16345.0,-16378.0,22681,184.88320994377136,13
-17536.0,-14850.0,-16109.0,22688,184.93624114990234,17
-16410.0,-15404.0,-16877.0,22694,184.96790313720703,15
-17709.0,-14469.0,-16318.0,22719,185.10440611839294,14
-17474.0,-14905.0,-16063.0,22719,185.10447716712952,14
-17164.0,-15159.0,-16239.0,22790,185.57040095329285,13
-16191.0,-14735.0,-17476.0,22790,185.5704369544983,13
-17805.0,-14784.0,-15820.0,22790,185.5705349445343,13
-16718.0,-15365.0,-16341.0,22819,185.76861310005188,15
-16363.0,-15840.0,-16275.0,22820,185.78628206253052,16
-18066.0,-14394.0,-16092.0,22987,187.0344569683075,12
-15575.0,-15464.0,-17426.0,22987,187.03449010849,12
-16990.0,-14057.0,-17314.0,22987,187.0345070362091,12
-16376.0,-15135.0,-17059.0,22987,187.0345151424408,12
-15889.0,-15177.0,-17406.0,22987,187.0345230102539,12
-16063.0,-16067.0,-16538.0,23002,187.16395211219788,16
-16313.0,-15498.0,-16527.0,23003,187.17769408226013,17
-17362.0,-15132.0,-15979.0,23023,187.27780294418335,15
-16486.0,-16303.0,-15809.0,23074,187.65918612480164,14
-16852.0,-15932.0,-15713.0,23074,187.65922093391418,14
-15467.0,-16234.0,-16812.0,23187,188.6260280609131,13
-15874.0,-16563.0,-16009.0,23187,188.62605094909668,13
-18210.0,-13378.0,-16734.0,23486,191.2579951286316,11
-15491.0,-16672.0,-16403.0,23486,191.2581009864807,11
-17743.0,-15042.0,-15782.0,23486,191.2581329345703,11
-15965.0,-16442.0,-16161.0,23486,191.25814199447632,11
-15048.0,-16415.0,-17011.0,23486,191.258150100708,11
-15726.0,-15147.0,-17469.0,23486,191.25815796852112,11
-17166.0,-15299.0,-16106.0,23486,191.2581660747528,11
-18421.0,-13774.0,-16240.0,23486,191.2581911087036,11
-15522.0,-16185.0,-16769.0,23553,191.93313002586365,13
-16819.0,-15962.0,-15767.0,23704,193.67029309272766,12
-16822.0,-16240.0,-15382.0,23704,193.67039012908936,12
-16509.0,-15613.0,-16298.0,23821,194.79762315750122,17
-16200.0,-14917.0,-17227.0,24115,197.74006009101868,15
-17854.0,-14468.0,-16164.0,24465,202.2666721343994,9
-17544.0,-14089.0,-16928.0,24465,202.26677107810974,9
-16536.0,-14689.0,-17273.0,24465,202.26680302619934,9
-16868.0,-15863.0,-16063.0,24465,202.26686811447144,9
-14008.0,-16801.0,-17504.0,24466,202.33135199546814,10
-13963.0,-17236.0,-17204.0,24466,202.33140110969543,10
-14610.0,-17879.0,-15812.0,24466,202.33151507377625,10
-15363.0,-15538.0,-17498.0,24467,202.36949801445007,11
-16099.0,-15739.0,-16789.0,24468,202.39550304412842,12
-16740.0,-15364.0,-16370.0,24503,202.68675804138184,15
-16840.0,-14827.0,-16815.0,24514,202.7646999359131,17
-16164.0,-15209.0,-17131.0,24595,203.54393100738525,12
-17814.0,-14145.0,-16404.0,24595,203.54394698143005,12
-15125.0,-17223.0,-16081.0,24596,203.56663012504578,13
-15191.0,-16177.0,-17187.0,24598,203.59738397598267,15
-15368.0,-17082.0,-16111.0,24598,203.59743309020996,15
-15851.0,-16141.0,-16610.0,24608,203.67154216766357,16
-15763.0,-16009.0,-16647.0,24645,203.93441700935364,16
-15225.0,-16843.0,-16453.0,24661,204.03267002105713,17
-15459.0,-16008.0,-16847.0,24661,204.03271102905273,17
-15360.0,-16484.0,-16573.0,24669,204.0921700000763,18
-16409.0,-16118.0,-16025.0,24688,204.2121319770813,14
-16587.0,-15983.0,-16087.0,24771,204.88595008850098,13
-14881.0,-17082.0,-16399.0,24771,204.88606810569763,13
-15204.0,-16632.0,-16730.0,24771,204.88607907295227,13
-15541.0,-17046.0,-15822.0,24774,204.9517331123352,16
-15979.0,-16386.0,-16022.0,24792,205.0536150932312,18
-15087.0,-17202.0,-16135.0,24801,205.11431312561035,16
-14310.0,-16573.0,-17543.0,25000,207.33150696754456,11
-16144.0,-17108.0,-15150.0,25000,207.33156394958496,11
-14605.0,-17009.0,-16865.0,25000,207.33162117004395,11
-16147.0,-15618.0,-16867.0,25000,207.33166098594666,11
-16870.0,-16026.0,-15679.0,25000,207.33167695999146,11
-14762.0,-17631.0,-16013.0,25000,207.33170104026794,11
-15800.0,-16281.0,-16528.0,25000,207.33171010017395,11
-16110.0,-16660.0,-15764.0,25000,207.33171796798706,11
-16297.0,-16865.0,-15238.0,25001,207.3833830356598,12
-16254.0,-15659.0,-16493.0,25002,207.41062712669373,13
-15706.0,-15889.0,-16773.0,25131,208.8302640914917,14
-15156.0,-15809.0,-17476.0,25291,210.60173916816711,13
-14809.0,-16472.0,-17137.0,25291,210.6017861366272,13
-16457.0,-15997.0,-16103.0,25349,211.21486806869507,15
-15231.0,-15735.0,-17386.0,25375,211.400887966156,21
-16189.0,-15352.0,-16934.0,25411,211.7094190120697,16
-14957.0,-17216.0,-16151.0,25762,215.09071516990662,24
-14545.0,-16747.0,-16972.0,25774,215.19822907447815,25
-14723.0,-17886.0,-15567.0,25814,215.7247350215912,14
-15033.0,-16981.0,-16355.0,25814,215.72490096092224,14
-14752.0,-17101.0,-16379.0,25865,216.28132104873657,16
-14322.0,-16514.0,-17484.0,26054,218.3009181022644,16
-14481.0,-18013.0,-15770.0,26479,222.95980715751648,10
-13770.0,-17413.0,-17141.0,26479,222.9599461555481,10
-16314.0,-15543.0,-16513.0,26479,222.959969997406,10
-14189.0,-17262.0,-16937.0,26479,222.9599950313568,10
-14198.0,-17165.0,-17011.0,26479,222.9600031375885,10
-17090.0,-15709.0,-15671.0,26479,222.9600110054016,10
-15899.0,-16526.0,-15991.0,26480,223.04263401031494,11
-16118.0,-16703.0,-15573.0,26549,223.70598912239075,13
-14672.0,-16935.0,-16769.0,27403,235.46479511260986,13
-15721.0,-16837.0,-15779.0,27404,235.5186891555786,14
-14969.0,-17651.0,-15687.0,27405,235.5554871559143,15
-14940.0,-17392.0,-15972.0,27458,236.08038902282715,18
-14526.0,-17394.0,-16295.0,27506,236.62652111053467,18
-13955.0,-17522.0,-16847.0,27785,239.66193509101868,18
-14770.0,-17674.0,-15822.0,28030,241.9984769821167,17
-14244.0,-17183.0,-16899.0,28030,241.99858403205872,17
-14521.0,-17543.0,-16176.0,28083,242.60862398147583,19
-14212.0,-17504.0,-16445.0,28118,242.96035814285278,22
-13685.0,-17513.0,-16872.0,28214,244.10305309295654,18
-14049.0,-16746.0,-17319.0,28214,244.1031370162964,18
-14725.0,-16730.0,-17220.0,28716,253.34690594673157,3
-15868.0,-16631.0,-16242.0,28716,253.34699010849,3
-17113.0,-15463.0,-16179.0,28716,253.34700107574463,3
-16085.0,-18456.0,-13242.0,28716,253.34702515602112,3
-18345.0,-16495.0,-13704.0,28716,253.34704899787903,3
-18765.0,-16502.0,-13087.0,28716,253.347097158432,3
-15784.0,-15804.0,-17136.0,28716,253.3472399711609,3
-17563.0,-13968.0,-17143.0,28716,253.34726405143738,3
-17050.0,-17964.0,-13003.0,28716,253.34728693962097,3
-16837.0,-18020.0,-13232.0,28716,253.3472990989685,3
-14825.0,-18288.0,-15324.0,28716,253.34731101989746,3
-17197.0,-16290.0,-15285.0,28716,253.34732294082642,3
-18327.0,-17060.0,-12878.0,28716,253.34733510017395,3
-17456.0,-17428.0,-13441.0,28716,253.3473470211029,3
-17442.0,-17004.0,-14190.0,28716,253.34735894203186,3
-16571.0,-17372.0,-14753.0,28716,253.3473711013794,3
-18812.0,-15031.0,-14784.0,28716,253.34738206863403,3
-18100.0,-15781.0,-14799.0,28716,253.347393989563,3
-18406.0,-14520.0,-15790.0,28716,253.34740614891052,3
-16179.0,-18332.0,-13566.0,28716,253.34742999076843,3
-15952.0,-17964.0,-14544.0,28716,253.34744215011597,3
-14530.0,-15479.0,-18112.0,28717,253.49804711341858,4
-14420.0,-16745.0,-17344.0,28717,253.4980549812317,4
-15080.0,-15150.0,-18204.0,28717,253.4981050491333,4
-14767.0,-16082.0,-17683.0,28717,253.498113155365,4
-14079.0,-16697.0,-17470.0,28717,253.49812197685242,4
-19039.0,-16310.0,-12863.0,28717,253.4981551170349,4
-19865.0,-15309.0,-12957.0,28717,253.49816393852234,4
-15682.0,-17805.0,-14956.0,28717,253.4982659816742,4
-16570.0,-17564.0,-14367.0,28717,253.49827408790588,4
-16460.0,-14030.0,-18001.0,28717,253.49833297729492,4
-16447.0,-13638.0,-18034.0,28717,253.4983410835266,4
-18623.0,-12347.0,-17240.0,28717,253.4984450340271,4
-16988.0,-13298.0,-17920.0,28717,253.4984610080719,4
-19336.0,-14370.0,-14531.0,28718,253.57988095283508,5
-15509.0,-14953.0,-17875.0,28718,253.5798900127411,5
-17969.0,-14479.0,-16137.0,28718,253.57999801635742,5
-18016.0,-14954.0,-15693.0,28718,253.58001399040222,5
-16659.0,-15190.0,-16827.0,28718,253.58003902435303,5
-17963.0,-15653.0,-14846.0,28719,253.63336896896362,6
-17827.0,-14876.0,-15780.0,28719,253.6333770751953,6
-17441.0,-17196.0,-13804.0,28719,253.63346910476685,6
-16976.0,-14961.0,-16555.0,28719,253.6335370540619,6
-14843.0,-16981.0,-16615.0,28720,253.67064094543457,7
-15437.0,-16467.0,-16797.0,28720,253.67068099975586,7
-15825.0,-17445.0,-15297.0,28720,253.67069005966187,7
-15795.0,-16475.0,-16371.0,28721,253.70692706108093,8
-16356.0,-17012.0,-15020.0,28727,253.74183297157288,11
-16068.0,-17112.0,-15170.0,28731,253.75704407691956,12
-16172.0,-16640.0,-15658.0,28735,253.77560901641846,11
-15752.0,-17289.0,-15426.0,28742,253.80952715873718,11
-17196.0,-16482.0,-14899.0,28755,253.87920808792114,9
-15607.0,-16804.0,-16018.0,28755,253.87922406196594,9
-16395.0,-16877.0,-15156.0,28775,254.02561616897583,10
-15176.0,-16640.0,-16573.0,28812,254.31127405166626,8
-16693.0,-17055.0,-14680.0,28812,254.31129813194275,8
-17358.0,-16177.0,-15084.0,28812,254.3114049434662,8
-16694.0,-16863.0,-15066.0,28812,254.31141710281372,8
-16766.0,-16126.0,-15840.0,28812,254.31142902374268,8
-16373.0,-16470.0,-15861.0,28812,254.31144094467163,8
-15868.0,-17051.0,-15610.0,28812,254.3114640712738,8
-16421.0,-15813.0,-16271.0,28824,254.42093896865845,11
-15918.0,-15966.0,-16684.0,28824,254.42094707489014,11
-16235.0,-15943.0,-16363.0,28825,254.43296098709106,12
-15608.0,-16871.0,-15896.0,28834,254.4784870147705,12
-15847.0,-15821.0,-16851.0,28853,254.56397414207458,10
-16720.0,-15807.0,-16200.0,28853,254.5639910697937,10
-17244.0,-16102.0,-15298.0,28853,254.5640640258789,10
-16927.0,-16125.0,-15619.0,28860,254.61368012428284,12
-17060.0,-16512.0,-14861.0,28864,254.63401103019714,13
-16101.0,-16313.0,-16163.0,28875,254.67568612098694,11
-16010.0,-16434.0,-16011.0,28882,254.717787027359,13
-15500.0,-16484.0,-16512.0,28895,254.77779412269592,12
-15554.0,-16387.0,-16534.0,28931,254.99781107902527,15
-17253.0,-15488.0,-15840.0,28940,255.06250596046448,9
-15523.0,-15977.0,-16912.0,28940,255.06259512901306,9
-16765.0,-16318.0,-15454.0,28941,255.0902590751648,10
-17112.0,-15655.0,-15793.0,28941,255.0903069972992,10
-16926.0,-16317.0,-15233.0,28983,255.34806203842163,12
-16433.0,-16006.0,-16140.0,29173,256.88441705703735,7
-14851.0,-17329.0,-16157.0,29174,256.91712713241577,8
-16860.0,-16501.0,-15083.0,29175,256.93955397605896,9
-15156.0,-17314.0,-16033.0,29175,256.93958711624146,9
-16096.0,-15741.0,-16726.0,29175,256.93961095809937,9
-15807.0,-17088.0,-15608.0,29175,256.93966794013977,9
-15853.0,-15732.0,-16799.0,29176,256.96410298347473,10
-15749.0,-16404.0,-16387.0,29176,256.9641680717468,10
-15596.0,-16362.0,-16657.0,29215,257.1626031398773,10
-15782.0,-16232.0,-16565.0,29215,257.1626350879669,10
-15530.0,-15949.0,-16943.0,29215,257.16266798973083,10
-15603.0,-16105.0,-16814.0,29216,257.1888289451599,11
-14254.0,-16735.0,-17351.0,29228,257.24913907051086,12
-15279.0,-16385.0,-16978.0,29228,257.24915504455566,12
-14901.0,-16244.0,-17231.0,29239,257.31165194511414,14
-15104.0,-16347.0,-17097.0,29246,257.3388340473175,14
-15031.0,-16191.0,-17226.0,29247,257.34908509254456,15
-14724.0,-16896.0,-16738.0,29257,257.391165971756,11
-14630.0,-16149.0,-17519.0,29257,257.39119815826416,11
-15029.0,-16881.0,-16614.0,29257,257.39122200012207,11
-15308.0,-16462.0,-16807.0,29257,257.3912310600281,11
-15236.0,-17199.0,-16033.0,29259,257.422425031662,13
-15061.0,-17161.0,-16152.0,29289,257.556911945343,12
-15404.0,-16091.0,-16818.0,29289,257.55699396133423,12
-15514.0,-16595.0,-16395.0,29328,257.7969069480896,9
-15209.0,-16610.0,-16519.0,29328,257.7969660758972,9
-16224.0,-15896.0,-16382.0,29328,257.7969779968262,9
-16097.0,-16327.0,-15982.0,29335,257.8530430793762,13
-15462.0,-16048.0,-16827.0,29392,258.27884316444397,10
-15637.0,-16086.0,-16708.0,29392,258.2788550853729,10
-15877.0,-16559.0,-16043.0,29392,258.27891397476196,10
-15620.0,-15844.0,-16897.0,29426,258.524631023407,11
-14464.0,-16903.0,-16996.0,29555,259.5635530948639,8
-14811.0,-16240.0,-17335.0,29555,259.5635690689087,8
-14886.0,-17305.0,-16058.0,29556,259.5947251319885,9
-15018.0,-16558.0,-16754.0,29678,260.44540905952454,11
-16173.0,-16083.0,-16431.0,29930,263.1386480331421,6
-16876.0,-16824.0,-14942.0,29930,263.1387231349945,6
-16750.0,-17538.0,-14042.0,29930,263.1387641429901,6
-17502.0,-15742.0,-15474.0,29930,263.1387801170349,6
-15118.0,-17008.0,-16335.0,29930,263.13882994651794,6
-15975.0,-15558.0,-17073.0,29930,263.13887310028076,6
-15628.0,-16221.0,-16734.0,29930,263.13888216018677,6
-18186.0,-16113.0,-14252.0,29931,263.19322204589844,7
-16312.0,-15853.0,-16488.0,29931,263.19336795806885,7
-15790.0,-16832.0,-15772.0,29950,263.3487651348114,12
-16004.0,-16884.0,-15585.0,29963,263.41624116897583,10
-15699.0,-16899.0,-15709.0,29979,263.5169270038605,11
-16499.0,-16353.0,-15705.0,30008,263.77590012550354,9
-15323.0,-16236.0,-16858.0,30039,263.98218417167664,11
-15993.0,-17104.0,-15323.0,30151,264.85507702827454,8
-16340.0,-15958.0,-16311.0,30151,264.85512495040894,8
-15830.0,-16745.0,-15912.0,30151,264.85513401031494,8
-16716.0,-16621.0,-15162.0,30179,265.0722441673279,11
-17276.0,-15961.0,-15375.0,30179,265.0722849369049,11
-16771.0,-16542.0,-15124.0,30219,265.32769298553467,13
-16766.0,-16748.0,-14976.0,30252,265.57313299179077,10
-16400.0,-16679.0,-15414.0,30267,265.6894371509552,12
-17188.0,-17366.0,-13794.0,30383,266.6725540161133,9
-17101.0,-15718.0,-15663.0,30384,266.7015221118927,10
-15544.0,-16451.0,-16551.0,30660,269.6845121383667,7
-15501.0,-17265.0,-15606.0,30660,269.6845290660858,7
-17747.0,-16456.0,-14379.0,30660,269.6846761703491,7
-17393.0,-17443.0,-13122.0,30660,269.68469309806824,7
-18679.0,-14644.0,-15143.0,30661,269.72658705711365,8
-17013.0,-16622.0,-14847.0,30661,269.72659516334534,8
-16771.0,-16122.0,-15756.0,30661,269.72660303115845,8
-17556.0,-15855.0,-15050.0,30662,269.76473212242126,9
-16494.0,-15108.0,-16879.0,30663,269.7905490398407,10
-16516.0,-15538.0,-16387.0,30697,270.0392451286316,12
-16100.0,-15927.0,-16560.0,30697,270.0392849445343,12
-16866.0,-15508.0,-16246.0,30748,270.37327814102173,10
-16182.0,-15876.0,-16492.0,30748,270.3732900619507,10
-15670.0,-15573.0,-17197.0,30749,270.39916706085205,11
-16091.0,-15419.0,-16941.0,30750,270.41720700263977,12
-16007.0,-15838.0,-16611.0,30758,270.45914006233215,13
-16586.0,-15671.0,-16206.0,30779,270.5808210372925,12
-16687.0,-15295.0,-16650.0,30931,271.79819798469543,9
-16256.0,-16188.0,-16128.0,30931,271.79827213287354,9
-17004.0,-15804.0,-15677.0,30934,271.841078042984,12
-17623.0,-15298.0,-15714.0,30953,271.9649770259857,12
-16698.0,-15966.0,-15885.0,30953,271.9650020599365,12
-17830.0,-15616.0,-15133.0,30975,272.0876181125641,13
-17585.0,-15847.0,-15171.0,31073,273.0713150501251,10
-17483.0,-15372.0,-15741.0,31073,273.071475982666,10
-16826.0,-16122.0,-15630.0,31091,273.2303509712219,13
-17133.0,-14689.0,-16585.0,31140,273.57369899749756,12
-16949.0,-15883.0,-15715.0,31140,273.57370710372925,12
-17912.0,-15473.0,-15196.0,31140,273.57371497154236,12
-17828.0,-14646.0,-16090.0,31141,273.5938529968262,13
-17435.0,-14990.0,-16111.0,31141,273.593868970871,13
-18176.0,-14797.0,-15556.0,31218,274.15528106689453,17
-18531.0,-15030.0,-14805.0,31218,274.15528893470764,17
-17776.0,-14779.0,-15958.0,31237,274.27390003204346,16
-18142.0,-14848.0,-15520.0,31237,274.27390813827515,16
-18589.0,-14907.0,-14892.0,31237,274.27393198013306,16
-17811.0,-15019.0,-15650.0,31289,274.69498109817505,11
-17895.0,-15846.0,-14756.0,31289,274.6950161457062,11
-17888.0,-14523.0,-15994.0,31482,276.9579989910126,8
-18493.0,-14774.0,-15235.0,31482,276.95800709724426,8
-18147.0,-15593.0,-14812.0,31482,276.95803213119507,8
-16895.0,-15585.0,-16075.0,31482,276.95806407928467,8
-17183.0,-15485.0,-15925.0,31482,276.9580731391907,8
-16499.0,-15853.0,-16171.0,31482,276.9580891132355,8
-18205.0,-14874.0,-15385.0,31483,277.0050070285797,9
-16728.0,-16936.0,-14811.0,31483,277.00501894950867,9
-16616.0,-16004.0,-15882.0,31559,277.6638979911804,14
-16530.0,-16034.0,-15919.0,31601,278.1517970561981,10
-17535.0,-14691.0,-16121.0,31602,278.1780230998993,11
-17835.0,-15255.0,-15371.0,31809,280.7728021144867,10
-16506.0,-15596.0,-16328.0,31899,281.74845004081726,11
-17657.0,-15662.0,-15178.0,31899,281.74861907958984,11
-18967.0,-14951.0,-14488.0,32226,285.78272795677185,11
-17959.0,-15285.0,-15209.0,32226,285.7828960418701,11
-18895.0,-15688.0,-13714.0,32228,285.83592915534973,13
-18834.0,-15621.0,-13797.0,32371,287.36031103134155,21
-18924.0,-15358.0,-14048.0,32377,287.417927980423,17
-18157.0,-16187.0,-14101.0,32377,287.4179439544678,17
-18140.0,-16560.0,-13661.0,32514,289.05057096481323,12
-19619.0,-15589.0,-12762.0,32929,295.1711311340332,5
-18907.0,-16339.0,-12777.0,32929,295.1711881160736,5
-19231.0,-15838.0,-13194.0,32929,295.1711959838867,5
-16277.0,-15550.0,-16808.0,32929,295.171236038208,5
-18651.0,-15234.0,-14695.0,32929,295.1712689399719,5
-14733.0,-15813.0,-17865.0,32929,295.1713261604309,5
-15184.0,-16286.0,-17013.0,32929,295.171334028244,5
-16038.0,-17499.0,-14741.0,32929,295.17134308815,5
-19153.0,-16059.0,-12972.0,32929,295.1713590621948,5
-18366.0,-16242.0,-13852.0,32929,295.1713750362396,5
-17077.0,-14861.0,-16747.0,32929,295.1713910102844,5
-17780.0,-15602.0,-15258.0,32929,295.1714241504669,5
-15930.0,-16213.0,-16469.0,32929,295.17143201828003,5
-14506.0,-15973.0,-17725.0,32930,295.260537147522,6
-18929.0,-13764.0,-15752.0,32931,295.2950930595398,7
-19019.0,-14558.0,-14953.0,32931,295.2951180934906,7
-18641.0,-13457.0,-16407.0,32931,295.2951259613037,7
-18650.0,-15426.0,-14309.0,32931,295.2951419353485,7
-18000.0,-12854.0,-17459.0,32931,295.2952151298523,7
-18273.0,-14133.0,-16149.0,32932,295.3344280719757,8
-18561.0,-14440.0,-15494.0,32932,295.3344759941101,8
-15347.0,-14735.0,-18120.0,32932,295.3344850540161,8
-17354.0,-14707.0,-16451.0,32933,295.36122608184814,9
-16409.0,-14809.0,-17247.0,32933,295.36123394966125,9
-16062.0,-15472.0,-16908.0,32935,295.394700050354,11
-16484.0,-15868.0,-16227.0,32942,295.4398331642151,11
-16958.0,-14988.0,-16451.0,32960,295.5309031009674,13
-15952.0,-14892.0,-17537.0,32971,295.601793050766,10
-15658.0,-16056.0,-16771.0,32971,295.6018011569977,10
-16025.0,-15048.0,-17408.0,32971,295.6018500328064,10
-15585.0,-15900.0,-16900.0,32978,295.6664900779724,12
-15243.0,-15389.0,-17581.0,33010,295.8444390296936,13
-16052.0,-15211.0,-17120.0,33068,296.2254071235657,11
-17232.0,-14781.0,-16451.0,33095,296.3950049877167,11
-17216.0,-14631.0,-16804.0,33126,296.5952060222626,10
-17004.0,-14705.0,-16876.0,33126,296.5952789783478,10
-17918.0,-14201.0,-16392.0,33146,296.74140906333923,13
-17770.0,-14286.0,-16562.0,33159,296.805456161499,13
-18087.0,-14263.0,-16241.0,33192,297.0209231376648,11
-18518.0,-14847.0,-15054.0,33193,297.0452489852905,12
-17520.0,-14782.0,-16198.0,33215,297.19334411621094,13
-17799.0,-14363.0,-16391.0,33215,297.19336104393005,13
-17571.0,-14864.0,-16053.0,33266,297.5460879802704,12
-18489.0,-15177.0,-14720.0,33290,297.7371389865875,13
-14819.0,-15323.0,-17980.0,33333,298.10418796539307,8
-16113.0,-14693.0,-17662.0,33333,298.10431003570557,8
-18148.0,-14926.0,-15516.0,33333,298.10431814193726,8
-17215.0,-14301.0,-17104.0,33333,298.10435009002686,8
-17445.0,-14185.0,-17005.0,33333,298.10435914993286,8
-16868.0,-14964.0,-16765.0,33333,298.104367017746,8
-15862.0,-15018.0,-17471.0,33334,298.15035700798035,9
-17789.0,-13689.0,-17044.0,33335,298.1749041080475,10
-17739.0,-14596.0,-16202.0,33335,298.1749150753021,10
-15789.0,-14862.0,-17600.0,33379,298.40119194984436,11
-16594.0,-14192.0,-17549.0,33379,298.40120005607605,11
-17422.0,-14619.0,-16523.0,33391,298.4818551540375,14
-17451.0,-14696.0,-16352.0,33406,298.56280398368835,15
-16608.0,-14945.0,-16927.0,33419,298.63118505477905,12
-16955.0,-14282.0,-17266.0,33419,298.63119316101074,12
-17442.0,-14352.0,-16705.0,33419,298.63120198249817,12
-17479.0,-14577.0,-16364.0,33475,298.9395360946655,14
-16420.0,-14535.0,-17378.0,33498,299.0940361022949,10
-16932.0,-14414.0,-16993.0,33514,299.21597504615784,14
-17600.0,-14105.0,-16709.0,33529,299.300194978714,12
-17584.0,-13955.0,-17062.0,33576,299.5942380428314,11
-17372.0,-14029.0,-17134.0,33576,299.5942499637604,11
-18455.0,-13587.0,-16499.0,33599,299.7356560230255,13
-18886.0,-14171.0,-15312.0,33600,299.7485160827637,14
-18116.0,-12879.0,-17142.0,33612,299.8100941181183,15
-18138.0,-13610.0,-16820.0,33613,299.8162090778351,16
-17888.0,-14106.0,-16456.0,33624,299.8793640136719,16
-18167.0,-13687.0,-16649.0,33630,299.90166902542114,17
-18286.0,-13525.0,-16650.0,33645,299.97556805610657,14
-18810.0,-13820.0,-15748.0,33647,299.9947090148926,16
-18493.0,-13843.0,-16069.0,33658,300.05443716049194,16
-16947.0,-13948.0,-17338.0,33698,300.29337906837463,12
-17687.0,-14685.0,-16096.0,33698,300.2935080528259,12
-18324.0,-13856.0,-16300.0,33779,300.9917480945587,9
-16995.0,-14197.0,-17257.0,33779,300.9918050765991,9
-17750.0,-14468.0,-16360.0,33779,300.99181294441223,9
-18405.0,-14712.0,-15404.0,33779,300.9918451309204,9
-17403.0,-15131.0,-16021.0,33779,300.9918529987335,9
-15983.0,-14641.0,-17718.0,33779,300.9918780326843,9
-18460.0,-14633.0,-15366.0,33780,301.0412440299988,10
-18269.0,-14018.0,-16166.0,33866,301.57255816459656,11
-17957.0,-14786.0,-15779.0,33866,301.57258200645447,11
-16506.0,-15626.0,-16323.0,33866,301.572594165802,11
-16648.0,-14860.0,-16918.0,34019,302.7083261013031,10
-18274.0,-14763.0,-15458.0,34019,302.7083671092987,10
-18257.0,-14198.0,-15965.0,34019,302.7083909511566,10
-17977.0,-14519.0,-15961.0,34020,302.7500641345978,11
-16645.0,-15396.0,-16380.0,34088,303.2750840187073,15
-16928.0,-14539.0,-16922.0,34127,303.6953561306,11
-18424.0,-13938.0,-15870.0,34275,305.0471200942993,12
-16730.0,-14086.0,-17477.0,34524,307.5362911224365,7
-19083.0,-13121.0,-16224.0,34524,307.53644609451294,7
-16100.0,-15720.0,-16588.0,34524,307.53646302223206,7
-19132.0,-13545.0,-15778.0,34524,307.53647112846375,7
-19167.0,-13948.0,-15330.0,34524,307.53647899627686,7
-18986.0,-15124.0,-14289.0,34524,307.53648710250854,7
-18764.0,-14221.0,-15520.0,34524,307.53657603263855,7
-16770.0,-14409.0,-17237.0,34524,307.53659296035767,7
-19429.0,-13210.0,-15567.0,34525,307.59841299057007,8
-19853.0,-14294.0,-13978.0,34525,307.5984251499176,8
-18902.0,-14297.0,-15183.0,34527,307.6418001651764,10
-18367.0,-14130.0,-15927.0,34528,307.65866708755493,11
-18690.0,-13465.0,-16245.0,34543,307.77725315093994,11
-18322.0,-14141.0,-15987.0,34543,307.77726101875305,11
-18897.0,-13783.0,-15664.0,34598,308.19574904441833,10
-19028.0,-14191.0,-15010.0,34676,308.8458421230316,16
-19475.0,-14250.0,-14382.0,34687,308.9280731678009,19
-18529.0,-14459.0,-15406.0,34696,308.9915020465851,12
-19674.0,-13924.0,-14472.0,34761,309.6112880706787,9
-19362.0,-13552.0,-15232.0,34761,309.6113369464874,9
-19214.0,-13760.0,-15343.0,34761,309.6113610267639,9
-19328.0,-13835.0,-15129.0,34761,309.6113691329956,9
-19412.0,-14662.0,-14235.0,34761,309.61137795448303,9
-19044.0,-15338.0,-13977.0,34761,309.6113941669464,9
-18541.0,-15030.0,-14798.0,34763,309.67237401008606,11
-19033.0,-14936.0,-14302.0,35012,312.17067408561707,12
-19734.0,-14350.0,-13974.0,35041,312.52579402923584,19
-19072.0,-15456.0,-13742.0,35097,313.2187421321869,13
-19147.0,-15011.0,-14088.0,35097,313.2188229560852,13
-19084.0,-15228.0,-13824.0,35114,313.4478271007538,16
-19234.0,-14912.0,-13942.0,35124,313.56742095947266,19
-19720.0,-14964.0,-13287.0,35144,313.70938897132874,24
-19368.0,-14896.0,-13671.0,35148,313.7632830142975,17
-19781.0,-15031.0,-13204.0,35165,313.98770213127136,14
-19574.0,-14713.0,-13785.0,35165,313.9877099990845,14
-19381.0,-15013.0,-13606.0,35220,314.53149795532227,18
-18963.0,-15776.0,-13547.0,35258,314.93820309638977,8
-18718.0,-15062.0,-14642.0,35258,314.9383010864258,8
-17803.0,-13886.0,-16735.0,35258,314.9383749961853,8
-19675.0,-15026.0,-13532.0,35258,314.938383102417,8
-19430.0,-14312.0,-14627.0,35258,314.93846917152405,8
-19242.0,-14197.0,-14978.0,35258,314.93847703933716,8
-18638.0,-12234.0,-17193.0,35259,314.9940810203552,9
-19349.0,-14497.0,-14283.0,35259,314.99435210227966,9
-19350.0,-14305.0,-14669.0,35259,314.99437499046326,9
-19841.0,-13594.0,-14378.0,35260,315.0301311016083,10
-19718.0,-13629.0,-14927.0,35260,315.0301389694214,10
-19244.0,-13452.0,-15674.0,35260,315.0301470756531,10
-18373.0,-13820.0,-16237.0,35260,315.0302529335022,10
-18876.0,-14128.0,-15416.0,35260,315.0303020477295,10
-19599.0,-13685.0,-14923.0,35262,315.07251715660095,12
-19231.0,-14361.0,-14665.0,35263,315.0819580554962,13
-18528.0,-14461.0,-15377.0,35274,315.13137698173523,13
-18956.0,-13552.0,-15824.0,35297,315.28118801116943,12
-18588.0,-14228.0,-15566.0,35297,315.2812120914459,12
-19046.0,-14063.0,-15140.0,35339,315.57274198532104,16
-19205.0,-14451.0,-14580.0,35475,316.9093780517578,10
-18371.0,-14565.0,-15541.0,35475,316.9094271659851,10
-19088.0,-13130.0,-15861.0,35476,316.9461741447449,11
-19758.0,-13313.0,-15125.0,35476,316.946191072464,11
-18739.0,-13889.0,-15799.0,35477,316.9709529876709,12
-19705.0,-13512.0,-14992.0,35477,316.971027135849,12
-19337.0,-14188.0,-14734.0,35477,316.9710350036621,12
-19478.0,-13634.0,-15121.0,35515,317.21552300453186,13
-19515.0,-13859.0,-14780.0,35515,317.21556401252747,13
-18763.0,-14413.0,-15134.0,35562,317.57384514808655,12
-19241.0,-14389.0,-14592.0,35562,317.57385301589966,12
-19487.0,-13978.0,-14768.0,35597,317.9215040206909,14
-19552.0,-13754.0,-14726.0,35675,318.65172815322876,21
-18792.0,-13301.0,-16310.0,35717,319.00956106185913,11
-19266.0,-13478.0,-15563.0,35717,319.0096011161804,11
-18979.0,-13801.0,-15527.0,35717,319.0096580982208,11
-19515.0,-12858.0,-15817.0,35720,319.07691717147827,14
-19147.0,-13534.0,-15559.0,35721,319.08980798721313,15
-18444.0,-13634.0,-16271.0,35732,319.15232515335083,15
-18872.0,-12725.0,-16718.0,35755,319.29470205307007,14
-18504.0,-13401.0,-16460.0,35755,319.29472613334656,14
-18962.0,-13236.0,-16034.0,35805,319.61897110939026,18
-18774.0,-12928.0,-16431.0,35821,319.70966506004333,17
-19241.0,-13146.0,-15842.0,35838,319.85094594955444,13
-19506.0,-12714.0,-15911.0,35838,319.8510160446167,13
-18915.0,-12761.0,-16478.0,35838,319.8510401248932,13
-18479.0,-13069.0,-16739.0,35838,319.85105204582214,13
-18862.0,-12960.0,-16345.0,35865,320.11250400543213,16
-19218.0,-12814.0,-16061.0,36003,321.3365070819855,19
-19861.0,-12947.0,-15160.0,36043,321.64219999313354,22
-18496.0,-13311.0,-16550.0,36055,321.7412359714508,12
-19477.0,-13134.0,-15595.0,36055,321.74140906333923,12
-18999.0,-13158.0,-16137.0,36055,321.74142599105835,12
-19080.0,-14140.0,-15003.0,36055,321.74145793914795,12
-19109.0,-13810.0,-15337.0,36055,321.74146604537964,12
-19345.0,-13247.0,-15480.0,36057,321.80301213264465,14
-18606.0,-13502.0,-16158.0,36067,321.9105761051178,15
-19572.0,-13125.0,-15351.0,36148,322.74344396591187,17
-19893.0,-13544.0,-14338.0,36149,322.7614140510559,18
-19997.0,-13724.0,-14226.0,36187,323.09113216400146,21
-19122.0,-13079.0,-15897.0,36203,323.24303102493286,13
-19847.0,-13467.0,-14641.0,36203,323.24303913116455,13
-19448.0,-13464.0,-15261.0,36203,323.24311995506287,13
-19613.0,-13821.0,-14643.0,36203,323.24312806129456,13
-19757.0,-12717.0,-15511.0,36448,326.0088560581207,9
-19411.0,-12628.0,-16168.0,36448,326.00891304016113,9
-19789.0,-13729.0,-14714.0,36448,326.0089371204376,9
-18183.0,-14895.0,-15386.0,36448,326.0089690685272,9
-18099.0,-14068.0,-16280.0,36448,326.0090420246124,9
-19176.0,-13691.0,-15551.0,36448,326.0090579986572,9
-18241.0,-14579.0,-15557.0,36451,326.0953950881958,12
-18634.0,-14235.0,-15536.0,36451,326.0954520702362,12
-18814.0,-12964.0,-16376.0,36451,326.0954761505127,12
-18446.0,-13640.0,-16118.0,36484,326.34484100341797,15
-19151.0,-13359.0,-15830.0,36560,326.93111205101013,13
-18783.0,-14035.0,-15572.0,36560,326.9311239719391,13
-19220.0,-12921.0,-15888.0,36570,327.0248210430145,16
-19517.0,-13892.0,-14745.0,36585,327.11931800842285,15
-19073.0,-13243.0,-15908.0,36585,327.11933493614197,15
-18571.0,-14452.0,-15272.0,36585,327.11937499046326,15
-19178.0,-13854.0,-15167.0,36626,327.4809889793396,14
-19263.0,-13014.0,-15830.0,36626,327.4810130596161,14
-19699.0,-12935.0,-15513.0,36695,328.24099707603455,11
-19421.0,-14405.0,-14456.0,36695,328.24108600616455,11
-19585.0,-14232.0,-14331.0,36696,328.2732560634613,12
-19466.0,-14288.0,-14327.0,36727,328.59724617004395,18
-19331.0,-13611.0,-15255.0,36742,328.69827604293823,13
-19580.0,-12991.0,-15509.0,36776,329.0849461555481,19
-19926.0,-13080.0,-14852.0,36797,329.25276708602905,18
-19513.0,-14969.0,-13557.0,36894,330.3492181301117,19
-19452.0,-14902.0,-13640.0,36906,330.45458006858826,22
-19762.0,-14606.0,-13650.0,36913,330.5739390850067,13
-19136.0,-14857.0,-14168.0,36914,330.59409403800964,14
-19504.0,-14181.0,-14426.0,37030,331.9005961418152,18
-19491.0,-14064.0,-14491.0,37031,331.91292095184326,19
-19627.0,-13672.0,-14739.0,37050,332.0454361438751,19
-19423.0,-14568.0,-14072.0,37071,332.2036280632019,16
-19973.0,-13761.0,-14082.0,37098,332.5325050354004,19
-19902.0,-14220.0,-13729.0,37118,332.8709440231323,10
-18417.0,-13966.0,-16010.0,37118,332.87103509902954,10
-20002.0,-13431.0,-14416.0,37118,332.871080160141,10
-19542.0,-14639.0,-13891.0,37118,332.8710889816284,10
-19656.0,-13342.0,-15073.0,37118,332.8710980415344,10
-19225.0,-12758.0,-16260.0,37118,332.8711521625519,10
-18908.0,-12781.0,-16581.0,37118,332.8711609840393,10
-19316.0,-13716.0,-15212.0,37118,332.8712251186371,10
-18215.0,-13356.0,-16766.0,37118,332.8712420463562,10
-19297.0,-13925.0,-14986.0,37119,332.9278781414032,11
-19111.0,-14055.0,-15078.0,37119,332.9279191493988,11
-18446.0,-13927.0,-15933.0,37265,334.61296916007996,16
-19420.0,-14597.0,-14070.0,37334,335.53522300720215,11
-17847.0,-14032.0,-16508.0,37334,335.5352580547333,11
-18604.0,-14466.0,-15227.0,37334,335.53532910346985,11
-18703.0,-12367.0,-16885.0,37335,335.5759651660919,12
-19254.0,-12870.0,-15924.0,37337,335.6253900527954,14
-19039.0,-13189.0,-15927.0,37377,335.9505910873413,16
-18937.0,-12858.0,-16410.0,37489,336.9210889339447,13
-18569.0,-13534.0,-16152.0,37489,336.9211540222168,13
-19175.0,-13883.0,-15165.0,37489,336.9211621284485,13
-19043.0,-13304.0,-15910.0,37489,336.9211699962616,13
-18544.0,-13202.0,-16431.0,37501,337.07147908210754,16
-18255.0,-13023.0,-16982.0,37710,339.82804703712463,12
-18707.0,-13174.0,-16346.0,37710,339.8280551433563,12
-18276.0,-13010.0,-16901.0,37862,341.8925700187683,15
-15950.0,-16673.0,-15815.0,37969,343.36322712898254,6
-18405.0,-14025.0,-16099.0,37969,343.3632740974426,6
-18037.0,-14701.0,-15841.0,37969,343.3632860183716,6
-15996.0,-15305.0,-17221.0,37969,343.36331009864807,6
-16708.0,-15042.0,-16798.0,37969,343.3633210659027,6
-18093.0,-13358.0,-16886.0,37969,343.36333298683167,6
-16364.0,-14629.0,-17479.0,37969,343.3633451461792,6
-17076.0,-14366.0,-17056.0,37969,343.36335706710815,6
-15649.0,-15968.0,-16882.0,37969,343.36343908309937,6
-15910.0,-14359.0,-17909.0,37969,343.3634979724884,6
-19620.0,-14595.0,-14052.0,37969,343.36351013183594,6
-18489.0,-14852.0,-15205.0,37969,343.3635220527649,6
-18929.0,-13364.0,-15846.0,37969,343.3636519908905,6
-16792.0,-15869.0,-15904.0,37969,343.3636989593506,6
-18121.0,-15528.0,-14947.0,37969,343.3637101650238,6
-18734.0,-15566.0,-14110.0,37970,343.4681830406189,7
-19132.0,-15605.0,-13413.0,37970,343.4682159423828,7
-17160.0,-15193.0,-16162.0,37971,343.5180699825287,8
-18650.0,-14739.0,-15004.0,38210,346.22349309921265,8
-16361.0,-15705.0,-16459.0,38210,346.2235519886017,8
-18282.0,-15415.0,-14746.0,38210,346.22362208366394,8
-17690.0,-15364.0,-15502.0,38210,346.2236340045929,8
-16504.0,-16328.0,-15573.0,38301,347.1390891075134,10
-16520.0,-15600.0,-16319.0,38317,347.34918212890625,13
-16017.0,-15292.0,-17140.0,38554,350.03272700309753,9
-16729.0,-15029.0,-16717.0,38554,350.03284907341003,9
-15078.0,-16733.0,-16458.0,38554,350.03293895721436,9
-17235.0,-14761.0,-16450.0,38723,352.36643409729004,12
-18708.0,-14224.0,-15470.0,39257,359.90596199035645,7
-16299.0,-15504.0,-16592.0,39257,359.90605998039246,7
-17725.0,-14034.0,-16628.0,39257,359.90607595443726,7
-19775.0,-14515.0,-13756.0,39258,359.9488480091095,8
-19088.0,-15163.0,-13818.0,39400,361.8864891529083,13
-19264.0,-15241.0,-13411.0,39503,363.2087309360504,21
-17947.0,-15244.0,-15233.0,39530,363.58734607696533,9
-18872.0,-15804.0,-13531.0,39530,363.5874111652374,9
-18315.0,-14568.0,-15491.0,39698,365.72384095191956,10
-19069.0,-15232.0,-13866.0,39761,366.6324510574341,12
-18955.0,-15157.0,-14080.0,39779,366.90261816978455,13
-19054.0,-14313.0,-14813.0,39912,368.94030809402466,15
-19374.0,-14875.0,-13857.0,39913,368.9607901573181,16
-19429.0,-14822.0,-13866.0,39948,369.2645790576935,16
-19299.0,-15027.0,-13718.0,39997,369.8126771450043,20
-19770.0,-14612.0,-13478.0,40019,370.2028720378876,15
-19703.0,-15252.0,-12982.0,40019,370.2029149532318,15
-19487.0,-14208.0,-14411.0,40019,370.2029960155487,15
-19732.0,-14922.0,-13316.0,40025,370.40878796577454,19
-19529.0,-14795.0,-13561.0,40073,370.9490110874176,23
-19496.0,-14934.0,-13563.0,40095,371.1351809501648,22
-19656.0,-14571.0,-13752.0,40106,371.2931139469147,21
-19642.0,-15185.0,-13065.0,40138,371.72338795661926,14
-19264.0,-14465.0,-14484.0,40138,371.7234351634979,14
-19359.0,-14456.0,-14240.0,40139,371.7581219673157,15
-18543.0,-14254.0,-15554.0,40142,371.8247821331024,18
-19876.0,-14657.0,-13269.0,40371,374.64232110977173,8
-19622.0,-14415.0,-13879.0,40954,383.4023599624634,10
-19432.0,-14684.0,-13814.0,40998,384.33222913742065,12
-19930.0,-14486.0,-13298.0,41315,390.77665400505066,14
-19852.0,-14370.0,-13376.0,41403,393.08807396888733,27
-20072.0,-14181.0,-13525.0,41458,394.04082798957825,4
-17697.0,-13704.0,-17195.0,41458,394.04093313217163,4
-15174.0,-17828.0,-15571.0,41458,394.0409460067749,4
-16823.0,-17596.0,-13981.0,41458,394.04095911979675,4
-16249.0,-17090.0,-15259.0,41458,394.0409719944,4
-19133.0,-15826.0,-13345.0,41458,394.0410771369934,4
-20053.0,-14031.0,-13698.0,41458,394.04113006591797,4
-19315.0,-12460.0,-16243.0,41458,394.0411419868469,4
-19917.0,-13254.0,-14632.0,41458,394.0411560535431,4
-19571.0,-13165.0,-15289.0,41458,394.04116916656494,4
-19044.0,-12941.0,-16270.0,41458,394.041207075119,4
-15418.0,-17097.0,-16089.0,41458,394.0412199497223,4
-18247.0,-15487.0,-14859.0,41458,394.04125905036926,4
-18520.0,-15788.0,-14182.0,41458,394.0412721633911,4
-17894.0,-16870.0,-13650.0,41458,394.0413110256195,4
-18492.0,-16201.0,-13764.0,41458,394.04132413864136,4
-17724.0,-15806.0,-15097.0,41458,394.04133701324463,4
-19481.0,-13378.0,-15277.0,41458,394.04136300086975,4
-19547.0,-13884.0,-14704.0,41458,394.0413889884949,4
-19712.0,-14241.0,-14086.0,41458,394.0414021015167,4
-19635.0,-14737.0,-13742.0,41458,394.04141497612,4
-18274.0,-13770.0,-16509.0,41458,394.04146814346313,4
-18888.0,-15112.0,-14440.0,41458,394.0414800643921,4
-15927.0,-15679.0,-16995.0,41458,394.0415070056915,4
-16639.0,-15416.0,-16572.0,41458,394.0415201187134,4
-16493.0,-16359.0,-15777.0,41458,394.04153203964233,4
-14089.0,-17438.0,-17046.0,41458,394.0415439605713,4
-18788.0,-14225.0,-15444.0,41458,394.0415561199188,4
-18609.0,-14700.0,-15196.0,41458,394.0415680408478,4
-17968.0,-15075.0,-15615.0,41458,394.04157996177673,4
-18147.0,-14600.0,-15863.0,41458,394.04159212112427,4
-13848.0,-17350.0,-17209.0,41459,394.2151279449463,5
-14640.0,-15809.0,-17882.0,41459,394.21514415740967,5
-15951.0,-18156.0,-14158.0,41459,394.2151520252228,5
-18764.0,-16694.0,-12701.0,41459,394.2152440547943,5
-19561.0,-15144.0,-13194.0,41459,394.21531105041504,5
-19539.0,-15086.0,-13343.0,41459,394.21532011032104,5
-16822.0,-17788.0,-13595.0,41459,394.21533608436584,5
-18338.0,-13329.0,-16776.0,41459,394.2153911590576,5
-19406.0,-15224.0,-13490.0,41459,394.2155270576477,5
-18505.0,-13268.0,-16463.0,41459,394.2155771255493,5
-15206.0,-18037.0,-15088.0,41460,394.28795409202576,6
-17970.0,-14005.0,-16518.0,41460,394.28804302215576,6
-18241.0,-15376.0,-14938.0,41460,394.28805899620056,6
-16196.0,-17233.0,-15062.0,41460,394.28807497024536,6
-15019.0,-17142.0,-16161.0,41460,394.28813195228577,6
-18773.0,-15723.0,-13782.0,41461,394.34396409988403,7
-18420.0,-14901.0,-15186.0,41461,394.34409403800964,7
-18675.0,-15708.0,-13886.0,41528,394.9763021469116,9
-16075.0,-17455.0,-14857.0,41553,395.1376440525055,11
-16044.0,-17481.0,-14861.0,41553,395.1376841068268,11
-18570.0,-16074.0,-13634.0,41628,395.7493989467621,13
-18475.0,-16083.0,-13878.0,41628,395.7494070529938,13
-18486.0,-16090.0,-13843.0,41632,395.7824239730835,16
-18603.0,-16445.0,-13112.0,41651,395.89097714424133,12
-18583.0,-16191.0,-13569.0,41651,395.89099311828613,12
-18464.0,-16247.0,-13565.0,41679,396.1054570674896,13
-17211.0,-17153.0,-13867.0,41720,396.50026416778564,11
-18054.0,-14832.0,-15624.0,41793,397.33089208602905,8
-17623.0,-14668.0,-16179.0,41795,397.38507199287415,10
-18025.0,-15187.0,-15210.0,41811,397.5560290813446,11
-16855.0,-17455.0,-14058.0,42128,401.18409609794617,7
-17726.0,-17087.0,-13495.0,42128,401.184201002121,7
-18365.0,-15431.0,-14678.0,42128,401.1843149662018,7
-19141.0,-15047.0,-14040.0,42129,401.22887110710144,8
-18262.0,-16194.0,-13908.0,42129,401.22893595695496,8
-17779.0,-14066.0,-16509.0,42252,402.6862299442291,10
-19128.0,-14930.0,-14105.0,42252,402.6862950325012,10
-18216.0,-15044.0,-15217.0,42254,402.7265160083771,12
-18555.0,-14963.0,-14891.0,42266,402.7881360054016,13
-18938.0,-15398.0,-13892.0,42278,402.8495910167694,14
-18971.0,-15769.0,-13370.0,42361,403.80878496170044,10
-17850.0,-14975.0,-15655.0,42361,403.80882811546326,10
-17991.0,-13992.0,-16437.0,42361,403.8088369369507,10
-18422.0,-14156.0,-15882.0,42361,403.8089060783386,10
-18951.0,-15515.0,-13827.0,42361,403.80893206596375,10
-18477.0,-15338.0,-14574.0,42361,403.80894112586975,10
-18777.0,-14389.0,-15131.0,42362,403.854040145874,11
-18755.0,-14725.0,-14799.0,42458,404.9018590450287,13
-18791.0,-13971.0,-15440.0,42522,405.53662610054016,18
-18943.0,-14145.0,-15148.0,42569,406.0292580127716,14
-19008.0,-15764.0,-13518.0,42618,406.634418964386,8
-18953.0,-14582.0,-14826.0,42618,406.63449215888977,8
-16195.0,-17425.0,-14676.0,42618,406.63450813293457,8
-18068.0,-17056.0,-12973.0,42676,407.4114501476288,11
-18008.0,-16614.0,-13683.0,42762,408.3912811279297,15
-17893.0,-17062.0,-13264.0,42912,410.3972980976105,9
-19181.0,-14731.0,-14238.0,43094,412.86031103134155,10
-19213.0,-14777.0,-14064.0,43211,414.6247730255127,12
-18991.0,-15199.0,-14025.0,43290,416.11407494544983,12
-19428.0,-15814.0,-12503.0,43495,418.9703960418701,19
-19489.0,-15881.0,-12420.0,43526,419.4544560909271,13
-18819.0,-16615.0,-12663.0,43526,419.45474910736084,13
-18602.0,-16637.0,-12726.0,43700,421.96024107933044,18
-18050.0,-17149.0,-12420.0,43819,424.0467760562897,6
-15663.0,-17811.0,-14994.0,43819,424.0468089580536,6
-19308.0,-14986.0,-13727.0,43819,424.0468420982361,6
-18955.0,-14164.0,-15131.0,43819,424.0468580722809,6
-17209.0,-15350.0,-16074.0,43820,424.1060039997101,7
-14588.0,-16463.0,-17402.0,43820,424.106299161911,7
-18310.0,-15890.0,-14246.0,43820,424.1063930988312,7
-17781.0,-14531.0,-16301.0,43820,424.1064040660858,7
-15494.0,-16819.0,-16156.0,43821,424.1612811088562,8
-15738.0,-16088.0,-16674.0,43821,424.1612901687622,8
-17065.0,-15540.0,-16004.0,43825,424.2321310043335,12
-16965.0,-16081.0,-15556.0,43845,424.3607680797577,11
-15989.0,-17071.0,-15421.0,43931,425.2781059741974,9
-16233.0,-16340.0,-15939.0,43931,425.2781879901886,9
-17928.0,-16241.0,-14232.0,44063,426.822634935379,10
-15695.0,-16902.0,-15729.0,44157,428.0568950176239,11
-16321.0,-16588.0,-15603.0,44196,428.64088106155396,8
-16077.0,-17319.0,-15085.0,44196,428.64088916778564,8
-13584.0,-18342.0,-16304.0,44197,428.6950559616089,9
-14564.0,-18461.0,-15100.0,44197,428.6952910423279,9
-15026.0,-18371.0,-14897.0,44197,428.6953001022339,9
-14046.0,-18252.0,-16101.0,44198,428.73330307006836,10
-15364.0,-17360.0,-15784.0,44199,428.75373911857605,11
-14545.0,-17277.0,-16457.0,44199,428.75376296043396,11
-15069.0,-17557.0,-15842.0,44265,429.2659270763397,12
-15674.0,-17292.0,-15353.0,44287,429.4009590148926,13
-14643.0,-17645.0,-16094.0,44317,429.58571004867554,15
-14577.0,-17819.0,-15824.0,44317,429.58574295043945,15
-14355.0,-17745.0,-16244.0,44346,429.8356771469116,12
-15408.0,-18020.0,-14911.0,44346,429.8357391357422,12
-14289.0,-17919.0,-15974.0,44420,430.3722651004791,13
-15491.0,-15954.0,-16916.0,44475,430.90810203552246,10
-15173.0,-18020.0,-15185.0,44475,430.9081189632416,10
-14748.0,-17660.0,-16042.0,44475,430.90812706947327,10
-15662.0,-18003.0,-14608.0,44475,430.9082109928131,10
-14992.0,-16929.0,-16560.0,44475,430.90832901000977,10
-13764.0,-18316.0,-15979.0,44476,430.95182514190674,11
-15728.0,-17779.0,-14838.0,44476,430.95197916030884,11
-14949.0,-17743.0,-15615.0,44477,430.9800591468811,12
-16267.0,-16851.0,-15298.0,44483,431.017697095871,15
-15037.0,-17326.0,-15947.0,44705,433.287987947464,15
-14769.0,-17407.0,-16190.0,44878,435.3951711654663,9
-15013.0,-16676.0,-16708.0,44878,435.3952760696411,9
-13526.0,-18368.0,-16166.0,44878,435.3952839374542,9
-13837.0,-18586.0,-15563.0,45121,438.66955614089966,16
-13513.0,-18379.0,-16089.0,45188,439.46046900749207,21
-14368.0,-18270.0,-15658.0,45329,441.2760350704193,7
-14284.0,-17023.0,-17184.0,45329,441.2760601043701,7
-15194.0,-18082.0,-15114.0,45329,441.276239156723,7
-16219.0,-18021.0,-13891.0,45329,441.27624702453613,7
-16395.0,-16147.0,-16054.0,45329,441.2762801647186,7
-16330.0,-17780.0,-14124.0,45329,441.276328086853,7
-14904.0,-17663.0,-15905.0,45329,441.27634501457214,7
-13937.0,-17686.0,-16845.0,45329,441.27635312080383,7
-17331.0,-16150.0,-15118.0,45329,441.27636098861694,7
-15266.0,-17345.0,-15888.0,45329,441.27636909484863,7
-14447.0,-17173.0,-16680.0,45330,441.3558101654053,8
-14203.0,-17904.0,-16162.0,45330,441.355859041214,8
-17138.0,-14441.0,-16928.0,45330,441.3560140132904,8
-17575.0,-15419.0,-15636.0,45332,441.4262001514435,10
-18202.0,-15782.0,-14555.0,45334,441.46349716186523,12
-18213.0,-15789.0,-14520.0,45360,441.66009497642517,13
-17914.0,-15338.0,-15310.0,45366,441.711473941803,14
-18297.0,-15773.0,-14311.0,45401,442.030709028244,14
-18776.0,-14639.0,-14883.0,45418,442.224240064621,11
-18532.0,-15370.0,-14365.0,45418,442.22426414489746,11
-19010.0,-15346.0,-13823.0,45436,442.4261541366577,12
-19021.0,-15353.0,-13788.0,45439,442.46071195602417,15
-16918.0,-15828.0,-15816.0,45479,442.9006350040436,10
-16585.0,-16223.0,-15662.0,45579,444.3306770324707,15
-16596.0,-16230.0,-15627.0,45588,444.3899600505829,15
-14926.0,-17421.0,-16001.0,45648,444.97756814956665,9
-14330.0,-17964.0,-15960.0,45785,446.4303410053253,16
-15693.0,-18340.0,-14027.0,45874,447.2626430988312,11
-14423.0,-17802.0,-16022.0,45874,447.2626919746399,11
-16040.0,-17361.0,-14915.0,45874,447.2627000808716,11
-18226.0,-15063.0,-15140.0,46111,450.88629603385925,8
-17928.0,-15230.0,-15310.0,46111,450.88637709617615,8
-17752.0,-14886.0,-15887.0,46111,450.88640093803406,8
-16341.0,-16607.0,-15576.0,46111,450.8864369392395,8
-16981.0,-14713.0,-16898.0,46111,450.8864860534668,8
-16616.0,-15850.0,-16090.0,46111,450.8864941596985,8
-16688.0,-15944.0,-15915.0,46111,450.8865020275116,8
-16372.0,-16581.0,-15572.0,46111,450.8865101337433,8
-15277.0,-16568.0,-16527.0,46112,450.9605369567871,9
-16289.0,-14459.0,-17510.0,46112,450.9606440067291,9
-15521.0,-15837.0,-17045.0,46112,450.9607820510864,9
-17162.0,-14445.0,-16859.0,46113,451.00885915756226,10
-15933.0,-15673.0,-16812.0,46114,451.03728914260864,11
-16252.0,-16271.0,-15940.0,46212,452.2025010585785,12
-17119.0,-15697.0,-15677.0,46213,452.2270040512085,13
-16933.0,-15827.0,-15769.0,46233,452.42447900772095,14
-16573.0,-16664.0,-15145.0,46234,452.4391450881958,15
-16645.0,-15927.0,-15919.0,46243,452.4806160926819,18
-16562.0,-16657.0,-15180.0,46265,452.64210414886475,14
-16721.0,-14694.0,-17060.0,46323,453.3105239868164,12
-15497.0,-16000.0,-16837.0,46415,454.1795401573181,13
-17088.0,-15572.0,-15869.0,46496,455.05552315711975,10
-17350.0,-14367.0,-16856.0,46496,455.0555331707001,10
-17332.0,-14841.0,-16387.0,46496,455.05555415153503,10
-18052.0,-13937.0,-16444.0,46497,455.1018741130829,11
-17464.0,-14986.0,-16037.0,46508,455.2381329536438,15
-17835.0,-14688.0,-15974.0,46535,455.4112069606781,14
-17649.0,-14818.0,-16066.0,46535,455.4112150669098,14
-18123.0,-14995.0,-15319.0,46535,455.4112639427185,14
-16737.0,-14369.0,-17258.0,47053,462.70918703079224,9
-15858.0,-17396.0,-15132.0,47053,462.7095060348511,9
-14917.0,-17805.0,-15641.0,47133,463.7176899909973,12
-15193.0,-18274.0,-14728.0,47227,464.78800106048584,13
-14108.0,-18090.0,-15944.0,47228,464.817764043808,14
-14840.0,-17177.0,-16359.0,47231,464.8764669895172,16
-14418.0,-17185.0,-16732.0,47267,465.2021429538727,16
-14447.0,-17262.0,-16561.0,47357,466.12818908691406,14
-14241.0,-17837.0,-16239.0,47357,466.1281969547272,14
-14078.0,-17851.0,-16449.0,47685,470.8593680858612,10
-15148.0,-16932.0,-16423.0,47685,470.8597619533539,10
-16046.0,-15476.0,-16871.0,47687,470.94253301620483,12
-14347.0,-16375.0,-17565.0,47795,472.4645941257477,13
-15465.0,-16909.0,-16102.0,47808,472.58533096313477,17
-14821.0,-16145.0,-17323.0,47823,472.6885039806366,16
-14828.0,-17469.0,-16005.0,47824,472.70517897605896,17
-14876.0,-17327.0,-16015.0,47851,472.8892321586609,17
-14290.0,-17441.0,-16513.0,47883,473.1092131137848,19
-14751.0,-16841.0,-16723.0,47927,473.63661193847656,14
-14903.0,-17855.0,-15519.0,47927,473.63668513298035,14
-14981.0,-17342.0,-15963.0,47929,473.6954469680786,16
-15512.0,-15987.0,-16845.0,47990,474.191281080246,16
-15210.0,-16574.0,-16624.0,48070,475.2741320133209,13
-15557.0,-15911.0,-16963.0,48070,475.2741401195526,13
-15192.0,-17048.0,-16155.0,48070,475.27414894104004,13
-15612.0,-17093.0,-15655.0,48070,475.27415704727173,13
-14948.0,-17779.0,-15637.0,48070,475.2741651535034,13
-15695.0,-16895.0,-15742.0,48095,475.5906970500946,15
-15509.0,-17025.0,-15834.0,48140,475.99956607818604,18
-14231.0,-17241.0,-16815.0,48200,476.58499813079834,14
-14334.0,-17309.0,-16636.0,48247,477.1867799758911,16
-14476.0,-17249.0,-16563.0,48247,477.1867971420288,16
-14534.0,-17524.0,-16143.0,48283,477.6302499771118,18
-15663.0,-16968.0,-15679.0,48283,477.63026213645935,18
-19090.0,-16522.0,-12217.0,48770,485.9392340183258,5
-19115.0,-16391.0,-12519.0,48770,485.9393410682678,5
-14285.0,-18261.0,-15774.0,48770,485.9395070075989,5
-14305.0,-18515.0,-15317.0,48770,485.93955397605896,5
-15063.0,-18397.0,-14747.0,48770,485.93957805633545,5
-16356.0,-13956.0,-18174.0,48770,485.93962502479553,5
-17227.0,-14030.0,-17288.0,48770,485.9396369457245,5
-13500.0,-17192.0,-17782.0,48770,485.939661026001,5
-16499.0,-14860.0,-17222.0,48770,485.9396960735321,5
-14394.0,-16890.0,-17235.0,48770,485.9397671222687,5
-16554.0,-16542.0,-15448.0,48770,485.9398021697998,5
-14150.0,-17621.0,-16717.0,48770,485.93981409072876,5
-15683.0,-16410.0,-16477.0,48770,485.9398260116577,5
-15479.0,-17280.0,-15760.0,48770,485.93983697891235,5
-16257.0,-17416.0,-14733.0,48770,485.93986105918884,5
-18474.0,-16766.0,-12938.0,48770,485.9398729801178,5
-18070.0,-14582.0,-15935.0,48770,485.93996715545654,5
-19033.0,-13943.0,-15353.0,48770,485.9400019645691,5
-19133.0,-14830.0,-14349.0,48770,485.9400141239166,5
-19378.0,-15544.0,-13254.0,48770,485.9400260448456,5
-16781.0,-18094.0,-12970.0,48771,486.08912205696106,6
-15199.0,-18213.0,-14770.0,48771,486.08918809890747,6
-14337.0,-16439.0,-17582.0,48771,486.089252948761,6
-16165.0,-14017.0,-18165.0,48771,486.08928513526917,6
-17446.0,-13343.0,-17535.0,48771,486.0893089771271,6
-15666.0,-14992.0,-17809.0,48771,486.0893180370331,6
-15298.0,-15668.0,-17551.0,48771,486.08934211730957,6
-16854.0,-13332.0,-17856.0,48772,486.1871910095215,7
-19123.0,-14860.0,-14108.0,48772,486.1872479915619,7
-18972.0,-15126.0,-14078.0,48772,486.1873941421509,7
-18343.0,-14883.0,-15258.0,48772,486.1875081062317,7
-18329.0,-14952.0,-15201.0,48772,486.1875240802765,7
-15797.0,-14693.0,-17907.0,48773,486.23820900917053,8
-15723.0,-16549.0,-16278.0,48773,486.23826599121094,8
-16627.0,-15327.0,-16594.0,48773,486.2382740974426,8
-16383.0,-16058.0,-16076.0,48774,486.2849521636963,9
-14579.0,-16502.0,-17252.0,48785,486.37823009490967,13
-15669.0,-16812.0,-15973.0,48807,486.5045130252838,11
-14351.0,-17704.0,-16290.0,48808,486.52302408218384,12
-14392.0,-17621.0,-16274.0,48846,486.76301407814026,14
-14210.0,-17447.0,-16576.0,48867,486.893758058548,13
-15054.0,-16399.0,-17033.0,48902,487.179780960083,10
-15255.0,-16482.0,-16606.0,48946,487.5853910446167,13
-16772.0,-15161.0,-16545.0,49019,488.21450209617615,9
-15539.0,-15525.0,-17285.0,49019,488.21460914611816,9
-14607.0,-17340.0,-16403.0,49308,491.73080611228943,8
-14851.0,-16609.0,-16921.0,49308,491.73089504241943,8
-15456.0,-15003.0,-17709.0,49309,491.7716660499573,9
-16542.0,-14565.0,-17219.0,49309,491.77174711227417,9
-14797.0,-16872.0,-16616.0,49333,491.9843010902405,12
-15474.0,-15210.0,-17595.0,49471,493.2891261577606,10
-16294.0,-16523.0,-15610.0,49492,493.45409893989563,16
-16554.0,-16042.0,-15914.0,49583,494.5052990913391,12
-16266.0,-16142.0,-16064.0,49583,494.5053081512451,12
-17110.0,-14973.0,-16355.0,49640,495.0625331401825,17
-16741.0,-14923.0,-16892.0,49651,495.14795112609863,17
-16456.0,-15674.0,-16277.0,49661,495.24286794662476,18
-16668.0,-14767.0,-17021.0,49673,495.3741340637207,13
-14483.0,-17164.0,-16609.0,49722,496.07796812057495,9
-17458.0,-15320.0,-15764.0,49722,496.07798409461975,9
-16888.0,-15893.0,-15726.0,49722,496.07799315452576,9
-17132.0,-15162.0,-16244.0,49722,496.07806611061096,9
-17702.0,-14589.0,-16282.0,49722,496.0780739784241,9
-18502.0,-13919.0,-15921.0,49723,496.13358998298645,10
-18727.0,-14412.0,-15173.0,49723,496.1337220668793,10
-15935.0,-14762.0,-17640.0,49725,496.1773569583893,12
-18276.0,-13977.0,-16222.0,49726,496.19526505470276,13
-17704.0,-14343.0,-16471.0,49751,496.351683139801,13
-18014.0,-13751.0,-16671.0,49789,496.6214909553528,15
-18242.0,-13943.0,-16246.0,49790,496.63639307022095,16
-16751.0,-15382.0,-16334.0,49935,498.02233600616455,13
-16703.0,-15049.0,-16661.0,49982,498.4988851547241,13
-18222.0,-14240.0,-15917.0,50023,498.8928589820862,12
-18632.0,-13471.0,-16239.0,50501,506.2972979545593,7
-18854.0,-14418.0,-15105.0,50501,506.29748702049255,7
-19893.0,-14031.0,-13869.0,50502,506.34267807006836,8
-18813.0,-13203.0,-16200.0,50503,506.3778750896454,9
-18800.0,-14681.0,-14800.0,50503,506.3779881000519,9
-18428.0,-14283.0,-15665.0,50503,506.3780610561371,9
-18765.0,-13881.0,-15706.0,50660,508.3850271701813,9
-19088.0,-15125.0,-14045.0,50843,511.11329102516174,17
-19099.0,-15132.0,-14010.0,50854,511.1619131565094,17
-19742.0,-14297.0,-13839.0,50878,511.55032896995544,11
-19210.0,-14334.0,-14693.0,50878,511.550430059433,11
-18931.0,-13922.0,-15449.0,50878,511.5504460334778,11
-18822.0,-13547.0,-15847.0,50969,512.8998930454254,13
-19563.0,-14089.0,-14361.0,51013,513.5941390991211,14
-19193.0,-13769.0,-15200.0,51016,513.697890996933,16
-19272.0,-13090.0,-15682.0,51054,514.1600680351257,17
-18474.0,-13514.0,-16232.0,51090,514.4966599941254,18
-18914.0,-13357.0,-15956.0,51090,514.4967169761658,18
-18784.0,-12922.0,-16432.0,51090,514.4967250823975,18
-19093.0,-12882.0,-16204.0,51147,515.0548820495605,17
-19809.0,-13814.0,-14147.0,51207,515.9204299449921,16
-18106.0,-17107.0,-12424.0,51296,517.7981381416321,9
-19358.0,-14768.0,-13924.0,51296,517.7981700897217,9
-19113.0,-14054.0,-15019.0,51296,517.7981779575348,9
-18420.0,-16902.0,-12654.0,51607,522.7595100402832,9
-19726.0,-14092.0,-14182.0,51608,522.8110840320587,10
-18847.0,-16329.0,-12872.0,51694,524.2849459648132,11
-18825.0,-15972.0,-13310.0,51755,525.3754270076752,14
-19612.0,-15389.0,-13000.0,52289,534.6452181339264,17
-19657.0,-15327.0,-12755.0,52378,536.2173969745636,27
-19452.0,-16021.0,-12040.0,52402,536.5255601406097,15
-19837.0,-13861.0,-14012.0,52402,536.5256011486053,15
-19930.0,-14563.0,-13237.0,52402,536.5257971286774,15
-19455.0,-15599.0,-12921.0,52402,536.5258049964905,15
-19645.0,-15131.0,-13134.0,52402,536.5258131027222,15
-18001.0,-17145.0,-12626.0,52524,539.2227339744568,19
-18740.0,-16771.0,-12055.0,52744,544.1879031658173,6
-19718.0,-15394.0,-12672.0,52744,544.1879110336304,6
-19134.0,-12728.0,-16282.0,52744,544.1879761219025,6
-16164.0,-15702.0,-16652.0,52744,544.1881151199341,6
-16511.0,-15039.0,-16991.0,52744,544.1881229877472,6
-19790.0,-14657.0,-13446.0,52744,544.1881320476532,6
-19168.0,-16201.0,-12662.0,52744,544.1881401538849,6
-19655.0,-13992.0,-14395.0,52744,544.1882050037384,6
-15092.0,-17461.0,-15815.0,52744,544.188236951828,6
-19218.0,-13555.0,-15388.0,52744,544.1882610321045,6
-19104.0,-14311.0,-14798.0,52744,544.1882691383362,6
-14069.0,-16756.0,-17308.0,52745,544.286719083786,7
-18727.0,-12813.0,-16642.0,52745,544.2867519855499,7
-19822.0,-13931.0,-14082.0,52745,544.2867679595947,7
-14016.0,-18391.0,-15741.0,52745,544.2868001461029,7
-14529.0,-17530.0,-16292.0,52745,544.2868411540985,7
-18121.0,-13027.0,-17024.0,52745,544.2869789600372,7
-14307.0,-16583.0,-17426.0,52745,544.2869870662689,7
-18399.0,-13812.0,-16144.0,52745,544.287052154541,7
-14462.0,-18163.0,-15569.0,52746,544.3752031326294,8
-18454.0,-14994.0,-14836.0,52746,544.3753571510315,8
-14706.0,-17432.0,-16087.0,52819,545.2218270301819,10
-19181.0,-13815.0,-15142.0,53277,552.6918840408325,19
-16819.0,-18113.0,-12679.0,53376,554.5564811229706,9
-19022.0,-14107.0,-15040.0,53376,554.5565950870514,9
-19386.0,-14765.0,-13949.0,53376,554.5567009449005,9
-14161.0,-18085.0,-15980.0,53376,554.5567419528961,9
-14475.0,-17793.0,-15987.0,53526,556.7551591396332,10
-15934.0,-18029.0,-14184.0,53677,558.3151521682739,12
-19349.0,-15025.0,-13703.0,53978,563.3171601295471,12
-14717.0,-17856.0,-15657.0,54118,565.4491591453552,13
-14794.0,-18527.0,-14714.0,54247,567.7784850597382,9
-18928.0,-15171.0,-14089.0,54247,567.7785911560059,9
-19536.0,-14048.0,-14391.0,54378,570.2474541664124,12
-18012.0,-17231.0,-12100.0,54682,576.6092071533203,12
-18581.0,-16822.0,-12441.0,55118,585.2476749420166,7
-15965.0,-18383.0,-13495.0,55118,585.2477979660034,7
-19288.0,-14750.0,-14053.0,55118,585.2479920387268,7
-15188.0,-17680.0,-15399.0,55118,585.2480411529541,7
-18379.0,-13859.0,-16111.0,55118,585.2480571269989,7
-17413.0,-12595.0,-18123.0,55119,585.322193145752,8
-18360.0,-12839.0,-17051.0,55119,585.3222830295563,8
-18429.0,-13690.0,-16213.0,55119,585.322536945343,8
-14186.0,-15893.0,-18096.0,55120,585.3900289535522,9
-18060.0,-13788.0,-16494.0,55120,585.3901431560516,9
-14843.0,-17046.0,-16532.0,55120,585.3901591300964,9
-14349.0,-15923.0,-18033.0,55120,585.3901751041412,9
-16411.0,-15138.0,-16866.0,55120,585.3903050422668,9
-13920.0,-17237.0,-17282.0,55120,585.3903131484985,9
-13931.0,-18057.0,-16184.0,55121,585.4512960910797,10
-14061.0,-18004.0,-16179.0,55121,585.4514169692993,10
-13927.0,-16980.0,-17439.0,55122,585.4920239448547,11
-15569.0,-15887.0,-16910.0,55124,585.5306160449982,13
-14823.0,-16728.0,-16796.0,55145,585.6840319633484,13
-14905.0,-16573.0,-16892.0,55202,586.2050020694733,12
-14159.0,-17414.0,-16778.0,55226,586.4014229774475,16
-14730.0,-16535.0,-17011.0,55258,586.7170851230621,13
-14565.0,-16831.0,-16950.0,55260,586.7444660663605,15
-13764.0,-17512.0,-16986.0,55272,586.8049559593201,16
-13606.0,-16867.0,-17694.0,55343,587.5532610416412,11
-13508.0,-17161.0,-17638.0,55690,591.8503530025482,10
-12995.0,-18096.0,-17040.0,55690,591.8503611087799,10
-16491.0,-14562.0,-17274.0,55690,591.8503849506378,10
-13759.0,-17770.0,-16851.0,55690,591.8504130840302,10
-12820.0,-18058.0,-17159.0,55690,591.8504300117493,10
-13084.0,-17343.0,-17629.0,55690,591.8504869937897,10
-16123.0,-15238.0,-17016.0,55690,591.8505110740662,10
-13632.0,-17337.0,-17432.0,55690,591.8506090641022,10
-15256.0,-16639.0,-16482.0,55690,591.8506171703339,10
-14410.0,-17544.0,-16426.0,55690,591.850625038147,10
-13635.0,-17594.0,-17057.0,55691,591.9312720298767,11
-14461.0,-17406.0,-16513.0,55691,591.9312801361084,11
-15125.0,-16720.0,-16531.0,55691,591.9312880039215,11
-14481.0,-17866.0,-15859.0,55744,592.4734539985657,13
-14460.0,-17598.0,-16127.0,55765,592.6607849597931,15
-12937.0,-18122.0,-16902.0,55859,593.5591421127319,12
-14617.0,-17791.0,-15824.0,55859,593.559338092804,12
-14662.0,-17261.0,-16365.0,56046,595.7879719734192,17
-14574.0,-17013.0,-16701.0,56053,595.8569891452789,15
-13591.0,-17461.0,-17099.0,56184,597.7300779819489,15
-14347.0,-17244.0,-16573.0,56227,598.1683919429779,17
-14447.0,-16580.0,-17282.0,56372,600.6101930141449,13
-14455.0,-15663.0,-17927.0,56650,605.2202129364014,23
-13000.0,-18032.0,-16834.0,56703,605.8002841472626,19
-12924.0,-18133.0,-16825.0,56783,606.9797511100769,9
-13282.0,-17968.0,-16956.0,56783,606.9799070358276,9
-13325.0,-17154.0,-17901.0,56783,606.9799151420593,9
-12855.0,-17422.0,-17725.0,56783,606.9799230098724,9
-13899.0,-18097.0,-16141.0,56783,606.9799721240997,9
-13457.0,-18006.0,-16837.0,56783,606.9800701141357,9
-15017.0,-17177.0,-16190.0,56783,606.9801189899445,9
-12981.0,-17275.0,-17808.0,56784,607.051558971405,10
-15514.0,-14705.0,-18218.0,56784,607.0515921115875,10
-16680.0,-13982.0,-17742.0,56784,607.0515999794006,10
-17101.0,-13828.0,-17486.0,56784,607.0516080856323,10
-17085.0,-14427.0,-16931.0,56785,607.1208209991455,11
-13824.0,-16912.0,-17618.0,56788,607.193029165268,14
-14248.0,-17753.0,-16274.0,56788,607.1930780410767,14
-14654.0,-16813.0,-16944.0,56788,607.1930940151215,14
-13817.0,-17169.0,-17461.0,56788,607.193118095398,14
-13529.0,-17269.0,-17611.0,56800,607.2780029773712,15
-14003.0,-17039.0,-17369.0,56818,607.3863179683685,17
-13760.0,-16781.0,-17921.0,56851,607.5874171257019,15
-14744.0,-16127.0,-17395.0,56851,607.5874500274658,15
-14323.0,-15937.0,-17974.0,56851,607.5874581336975,15
-14107.0,-16118.0,-18260.0,56851,607.5874819755554,15
-14191.0,-17365.0,-16734.0,56851,607.5874979496002,15
-13949.0,-17302.0,-17064.0,56852,607.6244270801544,16
-14064.0,-16932.0,-17315.0,56852,607.6244599819183,16
-13822.0,-16869.0,-17645.0,56852,607.62446808815,16
-14558.0,-16257.0,-17487.0,56877,607.779886007309,16
-14270.0,-16357.0,-17637.0,56879,607.8036820888519,18
-13824.0,-16179.0,-18257.0,56919,608.0525431632996,19
-14241.0,-16280.0,-17808.0,56919,608.0525591373444,19
-14580.0,-15962.0,-17731.0,56944,608.243556022644,13
-14740.0,-16900.0,-16717.0,56944,608.2436270713806,13
-14305.0,-17273.0,-16697.0,56944,608.2436399459839,13
-14540.0,-16189.0,-17510.0,56945,608.2856590747833,14
-13604.0,-16228.0,-18366.0,57121,609.7944121360779,12
-13064.0,-17327.0,-17677.0,57121,609.7944719791412,12
-13132.0,-16748.0,-18149.0,57121,609.7944829463959,12
-13239.0,-17365.0,-17558.0,57121,609.7945070266724,12
-15167.0,-15368.0,-17879.0,57121,609.7945420742035,12
-14344.0,-16512.0,-17461.0,57121,609.7945539951324,12
-14809.0,-16100.0,-17468.0,57121,609.79456615448,12
-13257.0,-16891.0,-18027.0,57121,609.7945780754089,12
-14039.0,-16527.0,-17585.0,57122,609.8595881462097,13
-15964.0,-14991.0,-17445.0,57123,609.8894610404968,14
-16800.0,-15014.0,-16576.0,57124,609.9087460041046,15
-15149.0,-15842.0,-17410.0,57186,610.391960144043,14
-15904.0,-15683.0,-16814.0,57186,610.3919830322266,14
-15704.0,-14972.0,-17607.0,57187,610.427129983902,15
-16251.0,-15020.0,-17153.0,57187,610.4271380901337,15
-16041.0,-15237.0,-17021.0,57204,610.5933310985565,18
-16303.0,-15463.0,-16572.0,57205,610.6072809696198,19
-15466.0,-15819.0,-17089.0,57262,611.0685260295868,15
-15756.0,-14768.0,-17888.0,57262,611.0685970783234,15
-15178.0,-15919.0,-17239.0,57273,611.152163028717,20
-15473.0,-14829.0,-17885.0,57291,611.26842212677,17
-15409.0,-15431.0,-17549.0,57291,611.2684471607208,17
-15381.0,-15281.0,-17695.0,57336,611.6489231586456,16
-14504.0,-16115.0,-17592.0,57337,611.6767520904541,17
-14818.0,-16282.0,-17219.0,57364,611.929053068161,17
-15119.0,-15846.0,-17292.0,57438,612.5913350582123,19
-15435.0,-15969.0,-16917.0,57485,613.0391600131989,13
-13556.0,-17342.0,-17237.0,57498,613.2115950584412,15
-13846.0,-16291.0,-18036.0,57541,613.6010630130768,18
-13597.0,-16336.0,-18156.0,57611,614.2600290775299,14
-13784.0,-16202.0,-18041.0,57790,616.3269331455231,11
-14768.0,-15546.0,-18104.0,57790,616.3270740509033,11
-15452.0,-15178.0,-17858.0,57790,616.327082157135,11
-15105.0,-15841.0,-17519.0,57790,616.3270900249481,11
-14421.0,-16209.0,-17765.0,57790,616.3270981311798,11
-16880.0,-14693.0,-16949.0,57790,616.3272199630737,11
-14254.0,-16374.0,-17617.0,57791,616.3956110477448,12
-15409.0,-15992.0,-16913.0,57792,616.4226081371307,13
-16968.0,-14404.0,-16963.0,58014,619.2297520637512,20
-16333.0,-14645.0,-17403.0,58175,621.5591840744019,15
-14663.0,-16272.0,-17435.0,58176,621.5952560901642,16
-15668.0,-14929.0,-17637.0,58200,621.8490591049194,17
-16654.0,-14780.0,-16926.0,58318,623.1470861434937,19
-17434.0,-14348.0,-16707.0,58404,624.5416209697723,15
-17017.0,-14247.0,-17156.0,58405,624.5760271549225,16
-14228.0,-16645.0,-17415.0,58405,624.5760431289673,16
-16445.0,-15066.0,-16929.0,58405,624.5761170387268,16
-14906.0,-16530.0,-16883.0,58521,626.1265630722046,18
-15010.0,-15609.0,-17774.0,58531,626.2230830192566,21
-16015.0,-14266.0,-17976.0,58551,626.4905591011047,19
-14279.0,-15479.0,-18571.0,58853,630.4557070732117,10
-14307.0,-17405.0,-16584.0,58853,630.455971956253,10
-13405.0,-17093.0,-17817.0,58853,630.4560921192169,10
-15991.0,-15093.0,-17366.0,58853,630.4561150074005,10
-15070.0,-15538.0,-17839.0,58853,630.4561870098114,10
-14723.0,-16201.0,-17500.0,58853,630.4561991691589,10
-16719.0,-14188.0,-17467.0,58854,630.5254600048065,11
-15022.0,-16652.0,-16710.0,58856,630.6025710105896,13
-14385.0,-17212.0,-16613.0,58859,630.6503310203552,16
-14743.0,-16661.0,-16846.0,58931,631.2390811443329,17
-13879.0,-16863.0,-17575.0,58967,631.6833391189575,13
-14378.0,-15888.0,-17931.0,58967,631.6834120750427,13
-13932.0,-16142.0,-18232.0,59381,636.8677840232849,11
-14424.0,-16430.0,-17444.0,59381,636.8677921295166,11
-16009.0,-14619.0,-17835.0,59381,636.8678159713745,11
-14789.0,-15293.0,-18252.0,59382,636.9250211715698,12
-14442.0,-15956.0,-17913.0,59382,636.9250869750977,12
-14453.0,-16507.0,-17273.0,59448,638.2936220169067,13
-15031.0,-15356.0,-17922.0,59469,638.5490460395813,17
-16711.0,-14189.0,-17423.0,59554,639.4899530410767,17
-16020.0,-15170.0,-17195.0,59557,639.5431640148163,20
-16729.0,-13281.0,-17984.0,59722,641.5387580394745,14
-16095.0,-14129.0,-17950.0,59722,641.5388469696045,14
-17658.0,-13269.0,-17463.0,59824,643.4547979831696,15
-16680.0,-14006.0,-17550.0,59895,644.6778841018677,23
-17640.0,-13743.0,-16994.0,59940,645.2602610588074,16
-17881.0,-13364.0,-17030.0,60096,647.8646199703217,26
-17938.0,-12948.0,-17467.0,60257,650.2324810028076,12
-17868.0,-13655.0,-16869.0,60257,650.2325961589813,12
-16008.0,-14289.0,-18135.0,60257,650.232743024826,12
-16681.0,-14094.0,-17487.0,60258,650.2941551208496,13
-15114.0,-15431.0,-17565.0,60314,651.4327130317688,16
-17066.0,-13258.0,-17784.0,60378,652.7239789962769,14
-16377.0,-13943.0,-18093.0,60378,652.7240970134735,14
-17052.0,-14054.0,-17260.0,60378,652.7241089344025,14
-13952.0,-16602.0,-17578.0,60379,652.7734229564667,15
-15581.0,-14792.0,-17860.0,60402,653.127583026886,17
-14428.0,-16113.0,-17663.0,60476,653.9591360092163,20
-14810.0,-15280.0,-18171.0,60535,654.557492017746,17
-14246.0,-15855.0,-18212.0,60763,657.7865450382233,14
-14548.0,-15413.0,-18282.0,60764,657.838917016983,15
-16359.0,-14417.0,-17624.0,60764,657.838926076889,15
-14083.0,-15825.0,-18275.0,60764,657.8389990329742,15
-17366.0,-13767.0,-17240.0,60764,657.8390481472015,15
-16650.0,-14776.0,-16943.0,60764,657.839056968689,15
-13696.0,-16184.0,-18120.0,60766,657.9250481128693,17
-15895.0,-14505.0,-17840.0,60766,657.9250950813293,17
-15821.0,-14912.0,-17513.0,60834,658.5535800457001,18
-16388.0,-14494.0,-17453.0,61056,661.2037019729614,16
-15575.0,-15514.0,-17255.0,61056,661.2038650512695,16
-15672.0,-15503.0,-17156.0,61060,661.3489689826965,19
-14557.0,-15595.0,-18033.0,61199,663.6963541507721,20
-15181.0,-15791.0,-17338.0,61285,665.307333946228,15
-17606.0,-13709.0,-17018.0,61347,666.2610461711884,18
-17923.0,-13686.0,-16697.0,61443,667.5223071575165,21
-17399.0,-13391.0,-17599.0,61649,671.775689125061,16
-14299.0,-15939.0,-17917.0,61779,674.422238111496,19
-17742.0,-13453.0,-17067.0,61780,674.4562830924988,20
-15748.0,-14270.0,-18297.0,61830,675.1617150306702,21
-16277.0,-14059.0,-17966.0,61830,675.1617729663849,21
-15928.0,-14129.0,-18199.0,61830,675.1617810726166,21
-15608.0,-15138.0,-17614.0,61831,675.1969120502472,22
-16423.0,-14381.0,-17464.0,61853,675.5007071495056,23
-14018.0,-15652.0,-18347.0,61887,675.8760681152344,24
-14775.0,-15450.0,-18002.0,61932,676.2876131534576,24
-16233.0,-14137.0,-17828.0,61944,676.4152810573578,27
-16155.0,-14330.0,-17799.0,61944,676.4152891635895,27
-16017.0,-14040.0,-18128.0,61955,676.5338060855865,26
-14853.0,-15257.0,-18031.0,61955,676.5338139533997,26
-15157.0,-14617.0,-18510.0,62009,677.10072016716,21
-16993.0,-13050.0,-18263.0,62010,677.143424987793,22
-16187.0,-13627.0,-18287.0,62011,677.1780970096588,23
-17079.0,-13513.0,-17681.0,62066,677.7282841205597,25
-15526.0,-14476.0,-18191.0,62069,677.7804970741272,27
-17321.0,-13607.0,-17323.0,62097,677.9918849468231,25
-15426.0,-14387.0,-18341.0,62112,678.1661810874939,24
-15668.0,-14450.0,-18011.0,62127,678.3810269832611,29
-15740.0,-13936.0,-18369.0,62159,678.6922590732574,22
-16033.0,-13715.0,-18326.0,62159,678.6922750473022,22
-15846.0,-13932.0,-18201.0,62185,679.0677211284637,25
-14349.0,-15161.0,-18568.0,62292,680.2601759433746,19
-14413.0,-15641.0,-18119.0,62292,680.26034116745,19
-15316.0,-14208.0,-18469.0,62336,680.7379910945892,26
-15056.0,-14620.0,-18389.0,62401,681.3039820194244,21
-15116.0,-14741.0,-18177.0,62450,682.204833984375,20
-14040.0,-15679.0,-18284.0,62583,684.6284129619598,18
-17260.0,-12635.0,-18179.0,62583,684.62864112854,18
-14442.0,-15718.0,-17948.0,62583,684.6286661624908,18
-14745.0,-14880.0,-18568.0,62583,684.6287140846252,18
-16394.0,-13530.0,-18196.0,62583,684.6287870407104,18
-15697.0,-14421.0,-17950.0,62584,684.6976490020752,19
-16300.0,-13300.0,-18242.0,63099,694.529559135437,24
-14413.0,-15832.0,-17928.0,63172,696.0010800361633,8
-18315.0,-12985.0,-17038.0,63172,696.0012669563293,8
-15824.0,-15084.0,-17454.0,63172,696.0013561248779,8
-15215.0,-16952.0,-16128.0,63172,696.0013890266418,8
-15981.0,-18228.0,-13669.0,63173,696.0774099826813,9
-17321.0,-13209.0,-17621.0,63173,696.0774590969086,9
-17669.0,-12876.0,-17660.0,64010,710.2540061473846,9
-18221.0,-13043.0,-16942.0,64011,710.3195309638977,10
-18707.0,-13366.0,-16055.0,64261,715.3402991294861,12
-17968.0,-13648.0,-16699.0,64448,720.6268179416656,10
-18764.0,-12779.0,-16646.0,64449,720.6856851577759,11
-18551.0,-13220.0,-16422.0,64748,727.3503260612488,15
-19188.0,-13863.0,-15057.0,64821,729.050323009491,14
-19290.0,-15964.0,-12065.0,65044,734.2862470149994,11
-18383.0,-12289.0,-17261.0,65237,739.7292809486389,13
-18553.0,-12383.0,-17140.0,65237,739.7294101715088,13
-19203.0,-13841.0,-15031.0,65237,739.729434967041,13
-18642.0,-12353.0,-17040.0,65238,739.7839460372925,14
-17322.0,-13539.0,-17321.0,65334,741.5477449893951,15
-18112.0,-12632.0,-17341.0,65410,742.9638040065765,16
-19199.0,-12861.0,-15974.0,65412,743.0407180786133,18
-18632.0,-13494.0,-16065.0,65677,748.2750461101532,14
-18936.0,-12274.0,-16746.0,65732,748.8501839637756,18
-19934.0,-14087.0,-13694.0,65940,753.1671390533447,33
-19910.0,-14124.0,-13550.0,65948,753.3276491165161,18
-18998.0,-12219.0,-16785.0,66028,754.9270660877228,13
-19097.0,-12988.0,-16036.0,66028,754.9272961616516,13
-18402.0,-12565.0,-17156.0,66067,756.349231004715,16
-18628.0,-12724.0,-16766.0,66252,761.1789171695709,18
-18781.0,-12970.0,-16315.0,66252,761.1789469718933,18
-18708.0,-12119.0,-17228.0,66595,767.3909010887146,29
-18447.0,-12026.0,-17478.0,66640,768.0369310379028,26
-13403.0,-15815.0,-18828.0,66927,774.73566198349,2
-19892.0,-13583.0,-14523.0,66927,774.7356870174408,2
-19737.0,-12656.0,-15630.0,66927,774.7356951236725,2
-15957.0,-13776.0,-18629.0,66927,774.7358090877533,2
-20023.0,-13203.0,-14382.0,66927,774.7358250617981,2
-19958.0,-13070.0,-14690.0,66927,774.7358331680298,2
-20113.0,-13997.0,-13583.0,66927,774.7358419895172,2
-13479.0,-16478.0,-18373.0,66927,774.7358660697937,2
-17407.0,-17740.0,-12935.0,66927,774.7359471321106,2
-17325.0,-17821.0,-12576.0,66927,774.735955953598,2
-19077.0,-16432.0,-12571.0,66927,774.7359640598297,2
-17344.0,-17798.0,-12852.0,66927,774.7359721660614,2
-19540.0,-15788.0,-12792.0,66927,774.7359881401062,2
-15262.0,-15321.0,-18001.0,66927,774.7360610961914,2
-14064.0,-17512.0,-16944.0,66927,774.7360770702362,2
-13820.0,-18243.0,-16426.0,66927,774.7360849380493,2
-17192.0,-12944.0,-18230.0,66928,774.871917963028,3
-13321.0,-16400.0,-18431.0,66928,774.8719770908356,3
-12771.0,-16729.0,-18339.0,66928,774.872013092041,3
-16922.0,-14366.0,-17365.0,66928,774.8720960617065,3
-14254.0,-14803.0,-18757.0,66928,774.8721671104431,3
-13820.0,-15425.0,-18787.0,66928,774.8721790313721,3
-17827.0,-17419.0,-12554.0,66928,774.8722259998322,3
-15843.0,-16705.0,-16140.0,66928,774.8723680973053,3
-15279.0,-15044.0,-18171.0,66928,774.8723800182343,3
-17905.0,-17210.0,-13166.0,66928,774.872652053833,3
-17246.0,-17774.0,-13182.0,66928,774.872663974762,3
-17247.0,-17582.0,-13568.0,66928,774.8726761341095,3
-13796.0,-16416.0,-17867.0,66929,774.9947321414948,4
-13255.0,-18286.0,-16733.0,66929,774.9947900772095,4
-13215.0,-18778.0,-15998.0,66929,774.9949131011963,4
-13485.0,-18787.0,-15973.0,66929,774.9949221611023,4
-15355.0,-15703.0,-17443.0,66929,774.9949300289154,4
-16036.0,-18768.0,-12736.0,66929,774.9949879646301,4
-17310.0,-13717.0,-17314.0,66929,774.9950211048126,4
-18024.0,-16126.0,-14421.0,66929,774.9951350688934,4
-16224.0,-18380.0,-13465.0,66930,775.0901379585266,5
-15203.0,-17834.0,-15386.0,66930,775.0902690887451,5
-16672.0,-18005.0,-13682.0,66930,775.0902769565582,5
-15515.0,-18376.0,-14238.0,66930,775.0902850627899,5
-15034.0,-17479.0,-15929.0,66930,775.0903179645538,5
-14818.0,-17055.0,-16513.0,66930,775.0903260707855,5
-15008.0,-16366.0,-17104.0,66930,775.0903351306915,5
-17534.0,-17135.0,-13966.0,66930,775.09042096138,5
-17125.0,-16376.0,-15219.0,66931,775.1624901294708,6
-16743.0,-14915.0,-16821.0,66931,775.1625061035156,6
-17579.0,-14881.0,-16021.0,66931,775.1625471115112,6
-17115.0,-17286.0,-14170.0,66932,775.2037279605865,7
-17312.0,-16876.0,-14436.0,66932,775.203752040863,7
-17030.0,-16657.0,-14833.0,66933,775.233225107193,8
-17233.0,-17657.0,-13247.0,66933,775.2332489490509,8
-17316.0,-17262.0,-13810.0,66946,775.3083021640778,10
-17589.0,-17056.0,-13928.0,66982,775.6358830928802,8
-17850.0,-17021.0,-13423.0,66982,775.6358909606934,8
-17689.0,-17055.0,-13670.0,66983,775.6605660915375,9
-17945.0,-16952.0,-13272.0,66995,775.786190032959,10
-17085.0,-16578.0,-14795.0,67051,776.3781199455261,11
-17288.0,-17578.0,-13209.0,67051,776.3782031536102,11
-17611.0,-17069.0,-13718.0,67051,776.3782269954681,11
-16922.0,-17499.0,-14021.0,67052,776.4020359516144,12
-16704.0,-17626.0,-13865.0,67097,776.7497220039368,14
-17304.0,-17540.0,-13051.0,67133,777.2735061645508,7
-18059.0,-16282.0,-14099.0,67133,777.2735221385956,7
-17690.0,-16863.0,-14056.0,67133,777.2735390663147,7
-17139.0,-17678.0,-13288.0,67133,777.2736029624939,7
-16361.0,-16092.0,-16074.0,67134,777.3085291385651,8
-17031.0,-16465.0,-15219.0,67135,777.3329229354858,9
-16923.0,-17307.0,-14407.0,67135,777.333065032959,9
-17234.0,-17465.0,-13633.0,67141,777.3827800750732,12
-16827.0,-17136.0,-14436.0,67148,777.4188730716705,11
-17343.0,-17007.0,-14071.0,67167,777.5456070899963,10
-16928.0,-16786.0,-14953.0,67212,777.943253993988,9
-16646.0,-17376.0,-14555.0,67212,777.9433040618896,9
-16406.0,-17765.0,-14237.0,67212,777.9433121681213,9
-17402.0,-16556.0,-14711.0,67212,777.9433281421661,9
-17663.0,-16521.0,-14206.0,67212,777.9433360099792,9
-16485.0,-17505.0,-14465.0,67213,777.9967679977417,10
-16424.0,-16308.0,-15820.0,67213,777.996817111969,10
-17424.0,-16569.0,-14501.0,67225,778.1109809875488,11
-15998.0,-16625.0,-15844.0,67285,778.6236350536346,11
-15794.0,-18129.0,-14292.0,67325,779.061977148056,12
-16377.0,-17506.0,-14522.0,67384,779.60919713974,13
-16432.0,-17427.0,-14484.0,67384,779.6092290878296,13
-15958.0,-17657.0,-14726.0,67385,779.6320290565491,14
-16155.0,-17247.0,-14992.0,67385,779.6320371627808,14
-16435.0,-16980.0,-15049.0,67424,779.9484641551971,14
-15508.0,-17249.0,-15687.0,67457,780.2301759719849,17
-16868.0,-16490.0,-15111.0,67477,780.4449310302734,8
-16660.0,-17690.0,-14033.0,67622,782.7935791015625,6
-16492.0,-17143.0,-14962.0,67622,782.7936861515045,6
-16694.0,-16212.0,-15774.0,67622,782.7936971187592,6
-15772.0,-17931.0,-14622.0,67622,782.7937090396881,6
-15956.0,-18318.0,-13818.0,67622,782.7937331199646,6
-17106.0,-16942.0,-14523.0,67622,782.7938160896301,6
-17041.0,-15549.0,-16113.0,67622,782.7938749790192,6
-16661.0,-17498.0,-14419.0,67622,782.7938871383667,6
-17453.0,-16279.0,-14862.0,67622,782.7938981056213,6
-16024.0,-15827.0,-16660.0,67623,782.8808960914612,7
-15677.0,-16490.0,-16321.0,67624,782.9129960536957,8
-16201.0,-16406.0,-15870.0,67626,782.9509229660034,10
-15603.0,-17576.0,-15165.0,67634,783.0067150592804,11
-16528.0,-17111.0,-14778.0,67686,783.3769471645355,14
-15414.0,-16704.0,-16311.0,67748,783.898332118988,9
-16881.0,-16712.0,-14991.0,67748,783.898344039917,9
-16663.0,-17661.0,-14035.0,67749,783.9261209964752,10
-16868.0,-17637.0,-13593.0,67820,784.6758289337158,13
-16715.0,-17611.0,-13995.0,67835,784.8258650302887,12
-16667.0,-17661.0,-13953.0,67863,785.0818150043488,14
-16482.0,-16286.0,-15846.0,67955,786.1134331226349,8
-16839.0,-16480.0,-15301.0,67955,786.113450050354,8
-15761.0,-16041.0,-16650.0,67957,786.1746921539307,10
-15822.0,-16758.0,-15848.0,67957,786.1747040748596,10
-16949.0,-15801.0,-15729.0,67958,786.1916871070862,11
-17228.0,-16049.0,-15330.0,67988,786.4314651489258,12
-17265.0,-15971.0,-15259.0,68017,786.6446330547333,12
-16706.0,-16708.0,-14992.0,68121,787.8213160037994,12
-16575.0,-15029.0,-17026.0,68220,789.218502998352,7
-16257.0,-17323.0,-14828.0,68220,789.2185521125793,7
-16963.0,-14380.0,-16975.0,68221,789.261106967926,8
-16542.0,-16315.0,-15671.0,68222,789.288388967514,9
-16373.0,-15960.0,-16214.0,68311,790.587247133255,10
-16762.0,-15529.0,-16243.0,68311,790.5872631072998,10
-16543.0,-15463.0,-16522.0,68459,792.8430709838867,14
-16720.0,-15297.0,-16553.0,68459,792.8430790901184,14
-16363.0,-15103.0,-17098.0,68485,793.0298471450806,13
-17109.0,-14866.0,-16582.0,68533,793.6179101467133,10
-16282.0,-15495.0,-16611.0,68630,795.3086500167847,9
-15364.0,-15863.0,-17237.0,68725,796.8899450302124,5
-17856.0,-16835.0,-13735.0,68725,796.8900771141052,5
-17501.0,-17591.0,-13038.0,68725,796.8900859355927,5
-17170.0,-17475.0,-13913.0,68725,796.8902499675751,5
-15756.0,-17750.0,-15156.0,68725,796.8902821540833,5
-18085.0,-16348.0,-13987.0,68725,796.8903150558472,5
-17061.0,-14987.0,-16504.0,68725,796.890340089798,5
-17013.0,-14513.0,-16865.0,68726,796.9764609336853,6
-14805.0,-16600.0,-16970.0,68727,797.0061550140381,7
-15713.0,-16162.0,-16572.0,68727,797.0061631202698,7
-14678.0,-19414.0,-13557.0,68727,797.0061709880829,7
-13424.0,-18641.0,-16190.0,68727,797.0061790943146,7
-14947.0,-19284.0,-13590.0,68727,797.0061869621277,7
-14354.0,-19044.0,-14808.0,68727,797.006236076355,7
-14272.0,-19150.0,-14670.0,68727,797.0062439441681,7
-14003.0,-19280.0,-14637.0,68727,797.0062520503998,7
-16130.0,-18644.0,-13060.0,68727,797.0062601566315,7
-14623.0,-18914.0,-14841.0,68727,797.0063669681549,7
-15029.0,-19178.0,-13728.0,68728,797.0693371295929,8
-14656.0,-17787.0,-15853.0,68728,797.0693731307983,8
-14693.0,-18398.0,-15311.0,68728,797.0693969726562,8
-16877.0,-17526.0,-13954.0,68729,797.1040761470795,9
-14867.0,-18183.0,-15359.0,68740,797.1803841590881,11
-15379.0,-17758.0,-15133.0,68740,797.1803920269012,11
-14627.0,-18572.0,-15041.0,68756,797.2853140830994,13
-16661.0,-17546.0,-14052.0,68786,797.5239901542664,12
-16432.0,-18033.0,-13800.0,68786,797.5239980220795,12
-15542.0,-18317.0,-14279.0,68792,797.5796849727631,13
-14598.0,-18313.0,-15326.0,68830,797.870010137558,9
-16212.0,-18538.0,-13198.0,68830,797.8700270652771,9
-15511.0,-18673.0,-14252.0,68830,797.8700351715088,9
-15755.0,-17942.0,-14770.0,68830,797.8700430393219,9
-17817.0,-16286.0,-14340.0,68852,798.0660870075226,12
-17161.0,-17131.0,-14266.0,68884,798.3915359973907,10
-15803.0,-18631.0,-13461.0,68885,798.4170889854431,11
-16722.0,-17850.0,-13696.0,68933,798.8925149440765,13
-16454.0,-17788.0,-14049.0,68936,798.9432201385498,15
-15569.0,-18439.0,-14121.0,68937,798.9526150226593,16
-16272.0,-17564.0,-14469.0,68955,799.0835609436035,15
-15837.0,-18501.0,-13768.0,68955,799.0835859775543,15
-15903.0,-18561.0,-13359.0,68996,799.3890271186829,13
-16876.0,-17718.0,-13568.0,68996,799.3890509605408,13
-15008.0,-18003.0,-15505.0,69045,799.9552969932556,8
-15161.0,-18717.0,-14467.0,69045,799.9553050994873,8
-17459.0,-16582.0,-14496.0,69045,799.9553141593933,8
-16936.0,-16901.0,-14734.0,69045,799.9553220272064,8
-16819.0,-17711.0,-13742.0,69045,799.9553380012512,8
-15395.0,-18909.0,-13807.0,69045,799.9553699493408,8
-15252.0,-17272.0,-16023.0,69045,799.9553780555725,8
-16666.0,-16997.0,-14780.0,69048,800.0667350292206,11
-16810.0,-17367.0,-14095.0,69108,800.5804350376129,10
-16657.0,-16653.0,-15133.0,69108,800.580500125885,10
-16384.0,-18259.0,-13295.0,69189,801.5000619888306,9
-16334.0,-17973.0,-13843.0,69189,801.5000710487366,9
-15512.0,-18099.0,-14799.0,69189,801.5001111030579,9
-16035.0,-17780.0,-14561.0,69189,801.500118970871,9
-15756.0,-17368.0,-15317.0,69190,801.5446281433105,10
-15858.0,-16875.0,-15637.0,69207,801.69193816185,12
-14982.0,-17505.0,-15894.0,69235,801.8806250095367,14
-14839.0,-17266.0,-16236.0,69235,801.8806331157684,14
-13866.0,-18732.0,-15494.0,69279,802.3520159721375,13
-15811.0,-18292.0,-14081.0,69279,802.352105140686,13
-14672.0,-18410.0,-15106.0,69302,802.5509669780731,16
-14495.0,-18377.0,-15346.0,69330,802.7549350261688,17
-14595.0,-17997.0,-15718.0,69349,802.8662810325623,16
-14189.0,-17920.0,-16178.0,69362,802.9717309474945,13
-15242.0,-18195.0,-14845.0,69362,802.9718611240387,13
-14342.0,-18634.0,-15140.0,69422,803.5256540775299,14
-14123.0,-18094.0,-15908.0,69483,804.1374790668488,19
-15007.0,-18195.0,-15119.0,69495,804.2683610916138,10
-16001.0,-17664.0,-14707.0,69495,804.2684180736542,10
-15160.0,-18909.0,-14081.0,69495,804.2684259414673,10
-16300.0,-17857.0,-13989.0,69495,804.2684350013733,10
-15861.0,-18774.0,-13027.0,69495,804.268443107605,10
-16115.0,-18389.0,-13262.0,69567,805.0415711402893,11
-15452.0,-18867.0,-13290.0,69570,805.1006729602814,14
-15346.0,-17183.0,-16023.0,69732,807.0605511665344,7
-16375.0,-18363.0,-13440.0,69732,807.0606160163879,7
-16201.0,-18630.0,-12499.0,69732,807.0606491565704,7
-15102.0,-17914.0,-15505.0,69732,807.0607061386108,7
-15566.0,-18594.0,-14214.0,69732,807.0607299804688,7
-17799.0,-17165.0,-13375.0,69732,807.0607380867004,7
-16558.0,-17839.0,-13968.0,69733,807.1160850524902,8
-14081.0,-18762.0,-15366.0,69733,807.1161830425262,8
-16098.0,-18183.0,-13948.0,69734,807.152713060379,9
-15869.0,-18772.0,-13286.0,69735,807.1773400306702,10
-15820.0,-18397.0,-13855.0,69741,807.2184860706329,13
-16265.0,-17890.0,-14009.0,69761,807.3678030967712,11
-15144.0,-18114.0,-15211.0,69774,807.5283830165863,10
-14015.0,-18936.0,-15096.0,69775,807.5587120056152,11
-14255.0,-18547.0,-15414.0,69775,807.55872797966,11
-14706.0,-18312.0,-15269.0,69776,807.5806641578674,12
-15645.0,-17376.0,-15305.0,69776,807.5806720256805,12
-14457.0,-19027.0,-14400.0,69914,808.8234651088715,14
-14612.0,-19183.0,-13834.0,69914,808.8234770298004,14
-14826.0,-18616.0,-14711.0,69914,808.8234889507294,14
-15289.0,-18414.0,-14722.0,69951,809.281622171402,9
-15533.0,-17683.0,-15240.0,69951,809.2816390991211,9
-15600.0,-18902.0,-13253.0,69951,809.2816729545593,9
-14132.0,-18785.0,-15278.0,69951,809.2816891670227,9
-13986.0,-18677.0,-15381.0,69951,809.2817311286926,9
-14376.0,-18054.0,-15796.0,69951,809.28173995018,9
-13736.0,-19183.0,-15042.0,69951,809.2817480564117,9
-14899.0,-19037.0,-14307.0,69951,809.2817649841309,9
-15990.0,-18279.0,-13668.0,69952,809.3443031311035,10
-16751.0,-16564.0,-15133.0,69982,809.6726019382477,11
-15143.0,-18306.0,-14825.0,70051,810.4933230876923,10
-16110.0,-18214.0,-13751.0,70052,810.5223860740662,11
-17293.0,-17574.0,-13221.0,70080,810.9153599739075,12
-15588.0,-18607.0,-14004.0,70151,811.8752210140228,11
-15320.0,-18545.0,-14357.0,70283,813.2653901576996,12
-15225.0,-18865.0,-13823.0,70311,813.5366950035095,16
-14957.0,-18803.0,-14176.0,70337,813.7552330493927,15
-14411.0,-19317.0,-13962.0,70403,814.3977980613708,13
-15554.0,-18737.0,-13697.0,70403,814.3978400230408,13
-15560.0,-18751.0,-13483.0,70440,814.8318631649017,15
-13830.0,-19291.0,-14398.0,70596,816.4541471004486,8
-14058.0,-19201.0,-14599.0,70596,816.4541630744934,8
-14733.0,-19335.0,-13519.0,70596,816.4541881084442,8
-14409.0,-18965.0,-14770.0,70596,816.4541959762573,8
-15149.0,-17593.0,-15757.0,70596,816.4542119503021,8
-15084.0,-19099.0,-13690.0,70596,816.4542770385742,8
-16137.0,-18570.0,-13218.0,70596,816.4542860984802,8
-15623.0,-17363.0,-15515.0,70596,816.4543180465698,8
-15379.0,-18094.0,-14997.0,70596,816.4543261528015,8
-16798.0,-16243.0,-15385.0,70597,816.5312161445618,9
-16729.0,-17645.0,-13822.0,70812,819.7735810279846,9
-16931.0,-17639.0,-13530.0,70812,819.7736301422119,9
-16014.0,-17738.0,-14681.0,70812,819.7736620903015,9
-14370.0,-18753.0,-14888.0,70813,819.8260099887848,10
-15226.0,-18554.0,-14350.0,70813,819.8260190486908,10
-16024.0,-18599.0,-13269.0,70814,819.8584170341492,11
-15916.0,-18695.0,-12989.0,70913,820.9467551708221,11
-16267.0,-18459.0,-13160.0,70913,820.9468531608582,11
-15958.0,-18482.0,-13321.0,70940,821.2453961372375,13
-15750.0,-18610.0,-13560.0,70989,821.8410530090332,12
-15700.0,-18324.0,-14108.0,70989,821.8411841392517,12
-15961.0,-18289.0,-13603.0,70990,821.8707511425018,13
-14179.0,-18464.0,-15530.0,71103,823.2252249717712,11
-14282.0,-18532.0,-15351.0,71104,823.2579860687256,12
-15252.0,-17661.0,-15578.0,71104,823.2580299377441,12
-15439.0,-18161.0,-14795.0,71104,823.258064031601,12
-15911.0,-17670.0,-14860.0,71185,824.157781124115,12
-15778.0,-18184.0,-14278.0,71186,824.1856310367584,13
-15269.0,-17897.0,-15199.0,71211,824.4213919639587,15
-15810.0,-17863.0,-14732.0,71269,825.0416660308838,13
-15328.0,-18801.0,-13992.0,71270,825.0664420127869,14
-15060.0,-18739.0,-14345.0,71324,825.6196739673615,15
-16145.0,-17724.0,-14289.0,71387,826.2793920040131,14
-15791.0,-18442.0,-13907.0,71387,826.2794411182404,14
-15541.0,-16768.0,-16161.0,71434,827.0775279998779,11
-15215.0,-18830.0,-14043.0,71434,827.0775849819183,11
-15194.0,-17431.0,-15822.0,71434,827.0776181221008,11
-14992.0,-18362.0,-15010.0,71434,827.0776340961456,11
-15017.0,-16526.0,-16898.0,71434,827.0777070522308,11
-14135.0,-18753.0,-15162.0,71436,827.1642470359802,13
-14991.0,-18554.0,-14624.0,71436,827.1642560958862,13
-15204.0,-17026.0,-16115.0,71436,827.1643249988556,13
-14525.0,-18130.0,-15577.0,71436,827.164412021637,13
-15062.0,-18116.0,-15081.0,71459,827.4768869876862,16
-14935.0,-17683.0,-15662.0,71478,827.6742010116577,20
-15339.0,-17699.0,-15349.0,71533,828.2772030830383,13
-14136.0,-18561.0,-15548.0,71534,828.3055331707001,14
-14815.0,-17457.0,-16086.0,71534,828.3056910037994,14
-14062.0,-18332.0,-15566.0,71543,828.3977479934692,19
-14982.0,-17656.0,-15604.0,71546,828.4238390922546,17
-14103.0,-18795.0,-15213.0,71601,829.0260939598083,14
-15028.0,-18330.0,-14826.0,71601,829.0261180400848,14
-13834.0,-18925.0,-15180.0,71602,829.060830116272,15
-14173.0,-18279.0,-15683.0,71602,829.0609200000763,15
-14099.0,-19161.0,-14431.0,71666,829.7675189971924,18
-14224.0,-18302.0,-15595.0,71714,830.0953130722046,19
-14260.0,-18541.0,-15265.0,71737,830.3400311470032,15
-14219.0,-17432.0,-16648.0,71767,830.8728921413422,19
-14322.0,-17500.0,-16469.0,71767,830.872908115387,19
-14053.0,-18331.0,-15652.0,71767,830.8729410171509,19
-14582.0,-16899.0,-16878.0,71797,831.1454391479492,20
-14338.0,-17630.0,-16360.0,71797,831.1454470157623,20
-14645.0,-17115.0,-16624.0,71797,831.145455121994,20
-15081.0,-16657.0,-16595.0,71810,831.2259061336517,22
-14748.0,-17183.0,-16445.0,71825,831.3186731338501,23
-13358.0,-18354.0,-16554.0,71856,831.5948650836945,21
-14133.0,-18108.0,-15846.0,71856,831.5949630737305,21
-13697.0,-18377.0,-16037.0,71882,831.832437992096,22
-13577.0,-17659.0,-16987.0,71882,831.8325281143188,22
-14160.0,-18921.0,-14893.0,71996,833.3792519569397,12
-15177.0,-18643.0,-14346.0,71996,833.3792991638184,12
-15440.0,-18678.0,-13736.0,71996,833.3793230056763,12
-13930.0,-18420.0,-15653.0,71996,833.3793721199036,12
-14939.0,-18850.0,-14124.0,71997,833.4278249740601,13
-14509.0,-19059.0,-14100.0,72156,835.742161989212,14
-15559.0,-16378.0,-16540.0,72195,836.4339611530304,6
-14845.0,-18028.0,-15397.0,72195,836.4340181350708,6
-13956.0,-18461.0,-15600.0,72195,836.4340260028839,6
-16889.0,-17955.0,-13093.0,72195,836.4340431690216,6
-17502.0,-17399.0,-13424.0,72195,836.4341571331024,6
-15945.0,-18205.0,-13913.0,72195,836.4342620372772,6
-16557.0,-17841.0,-13858.0,72195,836.4342701435089,6
-16395.0,-17711.0,-14289.0,72195,836.4343349933624,6
-16859.0,-14729.0,-16833.0,72196,836.5048739910126,7
-17292.0,-17576.0,-13111.0,72197,836.541344165802,8
-16109.0,-18216.0,-13641.0,72197,836.5413610935211,8
-16656.0,-17583.0,-14063.0,72198,836.5717430114746,9
-16503.0,-16869.0,-15101.0,72199,836.5924210548401,10
-16747.0,-16138.0,-15619.0,72199,836.5924780368805,10
-16639.0,-16980.0,-14807.0,72229,836.8608269691467,11
-16597.0,-16780.0,-15101.0,72272,837.3340561389923,10
-16300.0,-15466.0,-16566.0,72330,837.9344160556793,11
-16394.0,-17903.0,-13903.0,72580,841.9746651649475,8
-17028.0,-16549.0,-14836.0,72580,841.9748520851135,8
-17556.0,-17512.0,-13000.0,72684,843.5315260887146,12
-17476.0,-17655.0,-12383.0,72739,844.2517530918121,12
-17150.0,-17827.0,-12867.0,72739,844.2518219947815,12
-17310.0,-17463.0,-13143.0,72798,845.1717009544373,9
-15637.0,-16185.0,-16569.0,73179,852.5774619579315,9
-14709.0,-17218.0,-16335.0,73225,853.2532579898834,12
-14762.0,-16653.0,-16813.0,73379,855.7195241451263,10
-15806.0,-18830.0,-13203.0,73594,860.7001521587372,4
-17842.0,-17268.0,-13083.0,73594,860.7002511024475,4
-17805.0,-15521.0,-15217.0,73594,860.7002911567688,4
-14686.0,-16490.0,-17342.0,73594,860.7003400325775,4
-14339.0,-17153.0,-17003.0,73594,860.7003569602966,4
-13908.0,-19491.0,-13853.0,73594,860.7004220485687,4
-17295.0,-17301.0,-13767.0,73594,860.7004790306091,4
-15547.0,-18834.0,-13711.0,73594,860.7004959583282,4
-14229.0,-19308.0,-14367.0,73594,860.7005040645599,4
-15102.0,-19194.0,-13216.0,73594,860.7005121707916,4
-14935.0,-19198.0,-13766.0,73594,860.7005200386047,4
-16378.0,-16728.0,-15554.0,73594,860.7005360126495,4
-16902.0,-17023.0,-14652.0,73594,860.7005529403687,4
-16031.0,-17391.0,-15215.0,73594,860.7005610466003,4
-15588.0,-18110.0,-14727.0,73594,860.700569152832,4
-16424.0,-17669.0,-14330.0,73594,860.7005770206451,4
-14562.0,-18584.0,-15259.0,73594,860.7005929946899,4
-13736.0,-18772.0,-15803.0,73594,860.700602054596,4
-13673.0,-19017.0,-15462.0,73594,860.7006101608276,4
-14716.0,-18891.0,-14599.0,73594,860.7006180286407,4
-13997.0,-19387.0,-14211.0,73595,860.8800151348114,5
-16232.0,-13609.0,-18293.0,73595,860.8801131248474,5
-13322.0,-19253.0,-15291.0,73595,860.8801460266113,5
-12485.0,-18905.0,-16426.0,73595,860.8801620006561,5
-12660.0,-18943.0,-16307.0,73595,860.8801710605621,5
-16067.0,-18702.0,-12977.0,73595,860.8803279399872,5
-15587.0,-18523.0,-14036.0,73596,860.9493670463562,6
-13147.0,-19215.0,-15410.0,73596,860.9493999481201,6
-14485.0,-19200.0,-14175.0,73596,860.9494731426239,6
-14043.0,-19109.0,-14871.0,73596,860.949490070343,6
-14680.0,-18549.0,-14968.0,73597,861.0073871612549,7
-14211.0,-18820.0,-15088.0,73597,861.0074200630188,7
-15226.0,-17898.0,-15277.0,73597,861.0074610710144,7
-14368.0,-15453.0,-18282.0,73597,861.00759100914,7
-14667.0,-16238.0,-17452.0,73597,861.0075991153717,7
-15171.0,-16716.0,-16585.0,73597,861.0076320171356,7
-13703.0,-17861.0,-16829.0,73597,861.0076639652252,7
-14806.0,-17853.0,-15777.0,73597,861.0076720714569,7
-14824.0,-17379.0,-16246.0,73597,861.0076811313629,7
-14058.0,-18106.0,-16126.0,73598,861.0854389667511,8
-14381.0,-18098.0,-15758.0,73599,861.1104390621185,9
-15123.0,-17830.0,-15456.0,73638,861.4927370548248,9
-14302.0,-17375.0,-16644.0,73638,861.49281001091,9
-14722.0,-17420.0,-16144.0,73639,861.5200440883636,10
-14619.0,-17352.0,-16323.0,73639,861.5200560092926,10
-14531.0,-18147.0,-15530.0,73686,861.9022340774536,14
-13980.0,-18041.0,-16321.0,73693,862.0272560119629,8
-13791.0,-18982.0,-15171.0,73693,862.0273699760437,8
-14534.0,-18248.0,-15369.0,73693,862.0273940563202,8
-13721.0,-16541.0,-18043.0,73693,862.0274591445923,8
-14254.0,-16232.0,-17665.0,73694,862.0798950195312,9
-13505.0,-19081.0,-15379.0,73695,862.1027431488037,10
-13506.0,-18271.0,-16563.0,73695,862.1027669906616,10
-13609.0,-18339.0,-16384.0,73706,862.1868600845337,12
-13743.0,-18501.0,-15932.0,73706,862.1868691444397,12
-13948.0,-18362.0,-15867.0,73706,862.1868929862976,12
-14257.0,-18068.0,-15877.0,73727,862.3284389972687,11
-13551.0,-18109.0,-16628.0,73740,862.413064956665,13
-13898.0,-17446.0,-16967.0,73740,862.4130811691284,13
-13385.0,-19008.0,-15632.0,73767,862.6034500598907,12
-13534.0,-17660.0,-17065.0,73808,862.9441721439362,10
-13114.0,-17615.0,-17565.0,73808,862.9441840648651,10
-13431.0,-17592.0,-17244.0,73809,862.9714140892029,11
-14234.0,-18263.0,-15659.0,73814,863.0630950927734,14
-13917.0,-18286.0,-15980.0,73846,863.3268461227417,11
-13498.0,-18979.0,-15581.0,73847,863.3519110679626,12
-13758.0,-18785.0,-15593.0,73882,863.6444780826569,12
-13232.0,-18294.0,-16670.0,73883,863.6750190258026,13
-13476.0,-17563.0,-17188.0,73883,863.6750280857086,13
-13002.0,-17793.0,-17430.0,73883,863.6750359535217,13
-13239.0,-18023.0,-16799.0,73902,863.8375949859619,15
-13855.0,-16703.0,-17591.0,73942,864.1995310783386,15
-13541.0,-17403.0,-17222.0,73942,864.1995630264282,15
-13374.0,-17204.0,-17704.0,73952,864.2681169509888,16
-12939.0,-17577.0,-17684.0,73961,864.3235991001129,18
-12839.0,-17607.0,-17619.0,73982,864.523041009903,14
-13492.0,-18531.0,-15961.0,73982,864.5230820178986,14
-13360.0,-17358.0,-17328.0,73982,864.5231311321259,14
-12886.0,-17588.0,-17570.0,73983,864.5477199554443,15
-13116.0,-18089.0,-16810.0,73983,864.547737121582,15
-12916.0,-18835.0,-16115.0,74044,865.055820941925,16
-12741.0,-18797.0,-16234.0,74045,865.0731821060181,17
-12527.0,-17460.0,-17821.0,74095,865.4743959903717,9
-13720.0,-15757.0,-18595.0,74111,865.7198390960693,10
-13170.0,-16086.0,-18503.0,74199,866.6593179702759,12
-13115.0,-16224.0,-18503.0,74199,866.6595301628113,12
-12823.0,-16749.0,-18164.0,74216,866.8816950321198,15
-14932.0,-15707.0,-17832.0,74260,867.6063151359558,7
-13675.0,-18427.0,-15962.0,74260,867.6064779758453,7
-14439.0,-18711.0,-15107.0,74260,867.6064901351929,7
-14173.0,-18052.0,-16007.0,74261,867.6662809848785,8
-15874.0,-16250.0,-16421.0,74261,867.6663060188293,8
-16398.0,-16545.0,-15519.0,74261,867.6663711071014,8
-14212.0,-18413.0,-15466.0,74261,867.6664040088654,8
-15527.0,-16913.0,-16082.0,74261,867.6664190292358,8
-14824.0,-17826.0,-15582.0,74261,867.6664271354675,8
-14034.0,-17168.0,-17127.0,74262,867.7214910984039,9
-14893.0,-16808.0,-16761.0,74314,868.2021231651306,10
-14381.0,-16505.0,-17466.0,74314,868.2021479606628,10
-16081.0,-16568.0,-15840.0,74314,868.2022211551666,10
-14253.0,-17937.0,-16007.0,74314,868.2022531032562,10
-15413.0,-15206.0,-17719.0,74356,868.6387541294098,11
-14718.0,-16770.0,-16880.0,74356,868.6387779712677,11
-15100.0,-15593.0,-17627.0,74356,868.6387951374054,11
-14781.0,-16986.0,-16626.0,74391,868.9461929798126,14
-15217.0,-16528.0,-16597.0,74396,869.0014519691467,16
-14708.0,-16830.0,-16755.0,74414,869.158175945282,12
-14974.0,-15344.0,-17969.0,74459,869.7750029563904,9
-15216.0,-15407.0,-17639.0,74471,869.9520561695099,12
-14869.0,-16070.0,-17300.0,74484,870.0438160896301,14
-13545.0,-18480.0,-15967.0,74561,871.0342769622803,12
-14085.0,-17980.0,-16047.0,74596,871.3183851242065,15
-15398.0,-16227.0,-16919.0,74708,872.6025400161743,8
-14792.0,-15398.0,-17859.0,74708,872.6026711463928,8
-15285.0,-17464.0,-15759.0,74708,872.6027359962463,8
-15051.0,-16890.0,-16580.0,74708,872.6027691364288,8
-15482.0,-17054.0,-16025.0,74710,872.6739339828491,10
-15409.0,-16898.0,-16154.0,74727,872.8364770412445,12
-14683.0,-17980.0,-15625.0,74727,872.8365099430084,12
-14531.0,-18228.0,-15424.0,74740,872.9377250671387,14
-14562.0,-18202.0,-15420.0,74740,872.93776512146,14
-14486.0,-18390.0,-15359.0,74809,873.6953530311584,10
-14445.0,-19012.0,-14428.0,74810,873.7269339561462,11
-14589.0,-18458.0,-15180.0,74833,873.9241840839386,13
-14769.0,-18027.0,-15400.0,74871,874.2913830280304,17
-14365.0,-19127.0,-14428.0,74897,874.594614982605,11
-16585.0,-17046.0,-14973.0,74898,874.6238150596619,12
-15759.0,-17234.0,-15517.0,74898,874.6239249706268,12
-15686.0,-17078.0,-15646.0,74921,874.9112010002136,16
-15560.0,-17396.0,-15346.0,74962,875.503072977066,17
-14127.0,-19334.0,-14206.0,75088,877.1685960292816,9
-15349.0,-18730.0,-13814.0,75088,877.1686940193176,9
-15128.0,-17018.0,-16178.0,75088,877.1687180995941,9
-15489.0,-17161.0,-15757.0,75088,877.1687669754028,9
-14348.0,-19151.0,-14382.0,75088,877.1688001155853,9
-14478.0,-19098.0,-14377.0,75088,877.1688079833984,9
-14699.0,-18543.0,-14930.0,75088,877.1688160896301,9
-14738.0,-18904.0,-14389.0,75088,877.1688239574432,9
-14665.0,-14946.0,-18371.0,75423,882.6583781242371,6
-12424.0,-17640.0,-17510.0,75423,882.6584551334381,6
-14841.0,-18944.0,-14312.0,75423,882.6585209369659,6
-15422.0,-14477.0,-18248.0,75423,882.6585450172424,6
-15066.0,-15601.0,-17641.0,75423,882.6585531234741,6
-13199.0,-18087.0,-16807.0,75423,882.6585700511932,6
-13861.0,-18825.0,-15516.0,75423,882.6586670875549,6
-14567.0,-18715.0,-14915.0,75423,882.658674955368,6
-16850.0,-17112.0,-14546.0,75423,882.6586830615997,6
-16273.0,-15613.0,-16610.0,75423,882.6587071418762,6
-14255.0,-18400.0,-15503.0,75424,882.7311029434204,7
-15299.0,-15504.0,-17517.0,75445,882.9741809368134,11
-14719.0,-16264.0,-17302.0,75486,883.3855421543121,10
-14457.0,-17469.0,-16315.0,75525,883.7483761310577,13
-13302.0,-18155.0,-16628.0,75657,885.5245230197906,14
-14732.0,-17431.0,-16118.0,75740,886.6764171123505,8
-15158.0,-16874.0,-16334.0,75740,886.6764249801636,8
-13525.0,-17419.0,-17149.0,75740,886.6765241622925,8
-13091.0,-18093.0,-16751.0,75741,886.7183880805969,9
-13601.0,-17616.0,-16901.0,75742,886.7482781410217,10
-12904.0,-18212.0,-16825.0,75940,889.1489989757538,15
-12698.0,-18667.0,-16469.0,75955,889.2710540294647,14
-12880.0,-18841.0,-16167.0,75955,889.2711040973663,14
-12705.0,-18803.0,-16286.0,75981,889.5464451313019,14
-12523.0,-18629.0,-16588.0,75995,889.696545124054,15
-12586.0,-18714.0,-16325.0,76009,889.9432809352875,11
-13493.0,-18458.0,-16089.0,76323,895.3525991439819,7
-14105.0,-18094.0,-16034.0,76323,895.3527431488037,7
-15870.0,-16611.0,-15911.0,76323,895.352786064148,7
-13510.0,-19061.0,-15345.0,76326,895.4608280658722,10
-14490.0,-19180.0,-14141.0,76326,895.4608449935913,10
-15884.0,-17287.0,-15230.0,76343,895.6558270454407,12
-13944.0,-18387.0,-15743.0,76378,896.0252850055695,13
-14710.0,-19078.0,-14001.0,76426,896.5139620304108,12
-13730.0,-18959.0,-15205.0,76426,896.5139751434326,12
-15698.0,-18282.0,-14269.0,76426,896.5141201019287,12
-15061.0,-18842.0,-14172.0,76426,896.5141341686249,12
-13899.0,-18549.0,-15678.0,76426,896.5141949653625,12
-14081.0,-18723.0,-15376.0,76426,896.5142061710358,12
-16683.0,-17665.0,-13822.0,76517,897.4832739830017,10
-16440.0,-16545.0,-15413.0,76517,897.4833300113678,10
-14709.0,-19123.0,-13833.0,76636,899.2582859992981,15
-13287.0,-18913.0,-15733.0,76652,899.428041934967,17
-13469.0,-19087.0,-15431.0,76652,899.4280829429626,17
-14449.0,-19206.0,-14227.0,76665,899.5270020961761,19
-14589.0,-19050.0,-14086.0,76705,899.855877161026,13
-13955.0,-19079.0,-14970.0,76820,901.4801650047302,9
-15196.0,-19070.0,-13540.0,77066,905.8072700500488,21
-16256.0,-18409.0,-13173.0,77091,906.0351541042328,23
-16207.0,-17926.0,-13970.0,77112,906.2512290477753,17
-15133.0,-19085.0,-13221.0,77134,906.6762731075287,14
-15484.0,-18849.0,-13392.0,77134,906.6762890815735,14
-16714.0,-17470.0,-14086.0,77209,908.3204441070557,8
-13773.0,-17837.0,-16561.0,77342,911.7839741706848,5
-13404.0,-19147.0,-15429.0,77342,911.7839820384979,5
-14364.0,-14982.0,-18629.0,77342,911.7840650081635,5
-15537.0,-18960.0,-13170.0,77342,911.7841320037842,5
-16149.0,-18596.0,-13115.0,77342,911.7841401100159,5
-15589.0,-15981.0,-16856.0,77342,911.7841811180115,5
-16182.0,-14535.0,-17685.0,77342,911.7841889858246,5
-15625.0,-14281.0,-18308.0,77342,911.7842061519623,5
-14382.0,-15969.0,-17887.0,77342,911.7842140197754,5
-14035.0,-16632.0,-17548.0,77342,911.7842800617218,5
-14584.0,-18342.0,-15355.0,77342,911.7842881679535,5
-17281.0,-16219.0,-15068.0,77342,911.784362077713,5
-16030.0,-17583.0,-14829.0,77342,911.7843699455261,5
-14362.0,-18083.0,-15825.0,77342,911.7843780517578,5
-15242.0,-16644.0,-16517.0,77342,911.7843861579895,5
-16473.0,-18166.0,-13415.0,77342,911.7843949794769,5
-14561.0,-18776.0,-14873.0,77342,911.7844109535217,5
-16971.0,-17636.0,-13646.0,77342,911.7844190597534,5
-13972.0,-18706.0,-15410.0,77343,911.9304530620575,6
-14952.0,-18825.0,-14206.0,77343,911.9305109977722,6
-16435.0,-18093.0,-13588.0,77343,911.9306509494781,6
-15835.0,-15198.0,-17346.0,77344,911.979973077774,7
-16845.0,-13607.0,-17891.0,77344,911.9799890518188,7
-14080.0,-17864.0,-16222.0,77345,912.0365240573883,8
-15890.0,-15387.0,-17089.0,77346,912.0804510116577,9
-15520.0,-15007.0,-17639.0,77541,914.92928814888,19
-16840.0,-13855.0,-17548.0,77573,915.3444240093231,19
-14454.0,-17600.0,-16142.0,77608,915.8216080665588,8
-15619.0,-18382.0,-14113.0,77611,915.9028789997101,11
-15727.0,-16870.0,-15760.0,77633,916.0956101417542,12
-16009.0,-16570.0,-15837.0,77682,916.5709640979767,11
-16746.0,-16574.0,-15126.0,77683,916.5943760871887,12
-16377.0,-17435.0,-14527.0,77743,917.2466340065002,14
-15699.0,-18267.0,-14113.0,77939,920.6706020832062,7
-16243.0,-17144.0,-15016.0,77939,920.6707091331482,7
-17233.0,-16340.0,-14990.0,77939,920.6707170009613,7
-16607.0,-16804.0,-15069.0,77939,920.670725107193,7
-14606.0,-17352.0,-16343.0,77939,920.6707420349121,7
-14409.0,-17762.0,-16077.0,77939,920.6707501411438,7
-13966.0,-18481.0,-15589.0,77939,920.6707580089569,7
-14512.0,-17830.0,-15898.0,77939,920.6707739830017,7
-14216.0,-17975.0,-15928.0,77940,920.7391519546509,8
-16385.0,-16545.0,-15539.0,78063,922.44766497612,10
-16827.0,-14081.0,-17422.0,78226,924.9142229557037,11
-16134.0,-14656.0,-17607.0,78226,924.9142551422119,11
-14873.0,-15357.0,-17928.0,78226,924.914272069931,11
-16441.0,-14312.0,-17459.0,78276,925.392972946167,16
-17187.0,-13192.0,-17887.0,78304,925.7808411121368,12
-17138.0,-13657.0,-17520.0,78304,925.7809209823608,12
-16113.0,-15283.0,-17005.0,78407,927.1502549648285,12
-16633.0,-13681.0,-17963.0,78530,928.8491430282593,17
-15867.0,-14344.0,-17978.0,78619,929.8782911300659,16
-16188.0,-16955.0,-15273.0,78769,933.4872851371765,8
-17805.0,-16514.0,-14166.0,78769,933.4873671531677,8
-16129.0,-17389.0,-14791.0,78993,937.5364410877228,9
-16213.0,-17834.0,-14058.0,79023,938.0745840072632,12
-16490.0,-18014.0,-13550.0,79036,938.2185180187225,16
-18006.0,-16490.0,-13806.0,79049,938.3496911525726,15
-16512.0,-18027.0,-13340.0,79086,938.8581490516663,14
-15515.0,-14102.0,-18436.0,79402,946.9899320602417,6
-15587.0,-18302.0,-14341.0,79402,946.9899809360504,6
-16377.0,-16920.0,-15168.0,79402,946.9901449680328,6
-15863.0,-17513.0,-15042.0,79402,946.9901931285858,6
-16476.0,-13953.0,-17933.0,79402,946.9902091026306,6
-13858.0,-19464.0,-14173.0,79403,947.0786671638489,7
-16458.0,-17934.0,-13778.0,79403,947.0788309574127,7
-16140.0,-17693.0,-14534.0,79403,947.0789539813995,7
-14057.0,-18298.0,-15740.0,79404,947.1317551136017,8
-15215.0,-14654.0,-18254.0,79404,947.1318039894104,8
-14805.0,-18045.0,-15391.0,79406,947.2082669734955,10
-16584.0,-17238.0,-14587.0,79406,947.2082829475403,10
-16384.0,-16962.0,-15052.0,79478,948.0513789653778,12
-16162.0,-17706.0,-14324.0,79682,950.9323320388794,9
-16471.0,-14201.0,-17590.0,79721,951.6805770397186,15
-15667.0,-14395.0,-18120.0,79891,954.566782951355,8
-15352.0,-16511.0,-16457.0,79891,954.5668079853058,8
-13115.0,-18999.0,-15657.0,80200,959.6949939727783,13
-13522.0,-19112.0,-15138.0,80200,959.695011138916,13
-12778.0,-18551.0,-16313.0,80306,961.3288040161133,15
-14706.0,-17884.0,-15598.0,80329,961.7467169761658,10
-15123.0,-15376.0,-17658.0,80375,962.3696610927582,16
-13233.0,-19357.0,-14933.0,80688,968.7881820201874,7
-13058.0,-19319.0,-15052.0,80688,968.7881901264191,7
-13686.0,-19209.0,-14937.0,80688,968.7882070541382,7
-16423.0,-17861.0,-13944.0,80688,968.7886221408844,7
-14298.0,-18845.0,-14882.0,80688,968.7886300086975,7
-16703.0,-17574.0,-13999.0,80688,968.7886469364166,7
-16265.0,-17746.0,-14247.0,80688,968.7886550426483,7
-17988.0,-17055.0,-12980.0,80830,971.5377650260925,10
-15179.0,-18578.0,-14300.0,80920,973.0183351039886,16
-17076.0,-17736.0,-13205.0,81043,975.2929871082306,15
-15798.0,-18832.0,-12944.0,81165,978.5359270572662,13
-13680.0,-18984.0,-15116.0,81188,979.4465689659119,17
-14660.0,-19103.0,-13912.0,81215,979.9761879444122,22
-14038.0,-19438.0,-13848.0,81422,984.148020029068,8
-13584.0,-19121.0,-15104.0,81422,984.1480441093445,8
-15039.0,-19209.0,-12897.0,81422,984.1482601165771,8
-17294.0,-17493.0,-13381.0,81422,984.1484761238098,8
-14259.0,-19255.0,-14024.0,81564,986.7767910957336,18
-13102.0,-19268.0,-15035.0,81751,989.534991979599,10
-13952.0,-19440.0,-13836.0,81751,989.5350091457367,10
-13277.0,-19306.0,-14916.0,81751,989.5351159572601,10
-16485.0,-17644.0,-14107.0,81762,989.7223041057587,16
-14082.0,-19387.0,-13831.0,81939,993.3831260204315,16
-14541.0,-19133.0,-13952.0,82257,1003.2443821430206,3
-12257.0,-17711.0,-17668.0,82257,1003.2444069385529,3
-12994.0,-17937.0,-17216.0,82257,1003.2445139884949,3
-14135.0,-18869.0,-15065.0,82257,1003.2445459365845,3
-15024.0,-18436.0,-14862.0,82257,1003.2445631027222,3
-13603.0,-16069.0,-18542.0,82257,1003.2446780204773,3
-13866.0,-18999.0,-15032.0,82257,1003.244686126709,3
-17649.0,-17502.0,-12889.0,82257,1003.2447431087494,3
-13313.0,-17901.0,-17046.0,82257,1003.2447669506073,3
-13583.0,-18183.0,-16480.0,82257,1003.244775056839,3
-13060.0,-17408.0,-17743.0,82257,1003.2448489665985,3
-14915.0,-15984.0,-17662.0,82257,1003.2448570728302,3
-13304.0,-16677.0,-18261.0,82257,1003.2448649406433,3
-18120.0,-16999.0,-13247.0,82257,1003.2448980808258,3
-15870.0,-18264.0,-14147.0,82257,1003.2449059486389,3
-18121.0,-16807.0,-13633.0,82257,1003.2449140548706,3
-15636.0,-18072.0,-14807.0,82257,1003.2449221611023,3
-13564.0,-17886.0,-16876.0,82257,1003.2449300289154,3
-13944.0,-17834.0,-16595.0,82257,1003.2449390888214,3
-18507.0,-15698.0,-14536.0,82258,1003.3939900398254,4
-12609.0,-18496.0,-16595.0,82258,1003.3940811157227,4
-12784.0,-18534.0,-16476.0,82258,1003.3940889835358,4
-16758.0,-12955.0,-18272.0,82258,1003.3942289352417,4
-14267.0,-15054.0,-18688.0,82258,1003.3942370414734,4
-13803.0,-15702.0,-18617.0,82258,1003.3942451477051,4
-12897.0,-16582.0,-18422.0,82258,1003.3942620754242,4
-15147.0,-13879.0,-18666.0,82258,1003.3942949771881,4
-15996.0,-13297.0,-18481.0,82258,1003.3943030834198,4
-13216.0,-15878.0,-18751.0,82258,1003.3943200111389,4
-17894.0,-13121.0,-17549.0,82258,1003.3943359851837,4
-15403.0,-15220.0,-17965.0,82258,1003.3943440914154,4
-18730.0,-12798.0,-16737.0,82258,1003.3943519592285,4
-18193.0,-12520.0,-17409.0,82258,1003.3943691253662,4
-17607.0,-12373.0,-18087.0,82258,1003.394385099411,4
-16591.0,-14980.0,-17044.0,82259,1003.5391120910645,5
-16283.0,-14045.0,-17943.0,82259,1003.5391290187836,5
-14840.0,-18482.0,-14768.0,82259,1003.5394289493561,5
-13860.0,-18363.0,-15972.0,82259,1003.5394380092621,5
-14686.0,-18175.0,-15428.0,82259,1003.5394539833069,5
-13797.0,-18608.0,-15631.0,82259,1003.5394861698151,5
-14058.0,-16220.0,-17830.0,82260,1003.6207959651947,6
-14855.0,-15226.0,-18162.0,82260,1003.6208291053772,6
-15146.0,-15116.0,-18141.0,82260,1003.6208369731903,6
-14976.0,-17181.0,-16307.0,82260,1003.6210980415344,6
-14508.0,-15889.0,-17823.0,82262,1003.707878112793,8
-14763.0,-16349.0,-17211.0,82263,1003.7368710041046,9
-15722.0,-15301.0,-17563.0,82276,1003.8165810108185,11
-16794.0,-14856.0,-16782.0,82276,1003.8165891170502,11
-16178.0,-14974.0,-17257.0,82277,1003.8403191566467,12
-15219.0,-16135.0,-17056.0,82303,1004.0085611343384,10
-14799.0,-15779.0,-17802.0,82386,1004.7116451263428,9
-15056.0,-15883.0,-17626.0,82386,1004.7117910385132,9
-15362.0,-15344.0,-17632.0,82386,1004.7117991447449,9
-16244.0,-15643.0,-16705.0,82386,1004.7118079662323,9
-15396.0,-15483.0,-17549.0,82386,1004.711816072464,9
-15713.0,-15460.0,-17228.0,82400,1004.8318200111389,12
-15375.0,-15964.0,-17224.0,82419,1004.9773759841919,11
-16447.0,-15519.0,-16443.0,82420,1004.9959199428558,12
-15573.0,-16866.0,-16116.0,82458,1005.3968050479889,10
-14984.0,-16620.0,-16852.0,82458,1005.3968291282654,10
-16126.0,-15628.0,-16777.0,82458,1005.3969349861145,10
-15856.0,-15463.0,-17111.0,82470,1005.5200440883636,13
-15704.0,-15849.0,-16837.0,82535,1006.138167142868,12
-14809.0,-16582.0,-16971.0,82580,1006.585333108902,12
-16172.0,-16380.0,-15931.0,82580,1006.5853660106659,12
-16305.0,-16840.0,-15350.0,82622,1006.9854819774628,13
-15346.0,-16568.0,-16475.0,82639,1007.1533310413361,15
-14463.0,-16744.0,-17172.0,82687,1007.6824431419373,8
-16502.0,-16319.0,-15723.0,82687,1007.6824679374695,8
-16290.0,-17089.0,-15101.0,82687,1007.6824841499329,8
-17161.0,-16721.0,-14538.0,82687,1007.6825571060181,8
-16412.0,-15529.0,-16500.0,82687,1007.6826300621033,8
-16411.0,-15378.0,-16622.0,82687,1007.682638168335,8
-15224.0,-15769.0,-17421.0,82687,1007.6826541423798,8
-14810.0,-16081.0,-17511.0,82687,1007.6826620101929,8
-15083.0,-15870.0,-17457.0,82687,1007.6826701164246,8
-15543.0,-15850.0,-17019.0,82709,1007.9437780380249,11
-15310.0,-16588.0,-16466.0,82752,1008.3613929748535,10
-14598.0,-16851.0,-16889.0,82752,1008.3614990711212,10
-14713.0,-16903.0,-16657.0,82779,1008.5787100791931,12
-15649.0,-16906.0,-15721.0,82795,1008.7591381072998,16
-14505.0,-16096.0,-17635.0,82853,1009.5358259677887,9
-15522.0,-15818.0,-17088.0,82853,1009.5358581542969,9
-14158.0,-16759.0,-17296.0,82853,1009.5359401702881,9
-15998.0,-15841.0,-16590.0,82854,1009.5781230926514,10
-16709.0,-16637.0,-15142.0,82892,1010.0299761295319,11
-15175.0,-16481.0,-16749.0,82892,1010.0300941467285,11
-15715.0,-16883.0,-15875.0,83003,1011.4886510372162,10
-16146.0,-17467.0,-14688.0,83003,1011.4886591434479,10
-15410.0,-16036.0,-16852.0,83078,1012.4579651355743,13
-16269.0,-16538.0,-15633.0,83121,1012.9284951686859,12
-14330.0,-16513.0,-17478.0,83222,1014.5214641094208,7
-15240.0,-14594.0,-18242.0,83222,1014.5215380191803,7
-14834.0,-16991.0,-16611.0,83222,1014.5216190814972,7
-16091.0,-17387.0,-14880.0,83222,1014.521644115448,7
-16163.0,-16650.0,-15654.0,83222,1014.5216600894928,7
-14677.0,-15850.0,-17817.0,83222,1014.5217249393463,7
-14818.0,-15749.0,-17781.0,83222,1014.521733045578,7
-14561.0,-15645.0,-17957.0,83247,1014.8067080974579,11
-14471.0,-16412.0,-17442.0,83321,1015.6335160732269,9
-14790.0,-16493.0,-17040.0,83343,1015.9291009902954,12
-15549.0,-15592.0,-17150.0,83476,1017.7365920543671,13
-15887.0,-14326.0,-17943.0,83559,1018.875097990036,11
-15779.0,-16760.0,-15822.0,83799,1023.4012370109558,6
-14063.0,-16146.0,-17978.0,83800,1023.44935297966,7
-14855.0,-16208.0,-17245.0,83883,1024.4836440086365,9
-15382.0,-17528.0,-15342.0,83885,1024.5355141162872,11
-14948.0,-16970.0,-16415.0,83886,1024.5567729473114,12
-14246.0,-18076.0,-15919.0,83921,1024.8219211101532,12
-14508.0,-16871.0,-16906.0,83922,1024.8405411243439,13
-13630.0,-17862.0,-16732.0,83949,1025.034569978714,13
-13733.0,-17930.0,-16553.0,83949,1025.0346190929413,13
-14490.0,-17345.0,-16437.0,83950,1025.0568130016327,14
-14207.0,-16512.0,-17558.0,83973,1025.2469820976257,14
-14238.0,-17389.0,-16610.0,83973,1025.2470769882202,14
-14135.0,-17321.0,-16789.0,84003,1025.5309281349182,16
-14544.0,-18005.0,-15672.0,84024,1025.7142760753632,11
-14610.0,-17981.0,-15528.0,84048,1026.0242760181427,13
-13454.0,-18014.0,-16652.0,84071,1026.3246080875397,10
-14026.0,-16300.0,-17774.0,84182,1027.7610170841217,17
-15290.0,-17716.0,-15247.0,84206,1028.0947580337524,8
-14450.0,-17101.0,-16779.0,84233,1028.495010137558,10
-13827.0,-17452.0,-16998.0,84425,1032.2356779575348,7
-15400.0,-16710.0,-16248.0,84425,1032.2357349395752,7
-14472.0,-17743.0,-16014.0,84456,1032.8716101646423,9
-14076.0,-18141.0,-15778.0,84494,1033.45170211792,20
-13882.0,-18376.0,-15762.0,84500,1033.5240559577942,13
-14505.0,-17689.0,-15927.0,84533,1033.9630320072174,17
-13920.0,-15717.0,-18349.0,84628,1035.8533930778503,9
-14579.0,-18010.0,-15464.0,84628,1035.853451013565,9
-14198.0,-16035.0,-17946.0,84628,1035.853539943695,9
-15418.0,-15390.0,-17462.0,84631,1035.964411020279,12
-14509.0,-15117.0,-18358.0,84722,1037.2050540447235,13
-14697.0,-15060.0,-18302.0,84831,1038.6425650119781,14
-13902.0,-16191.0,-17880.0,84856,1038.9412200450897,17
-15530.0,-13896.0,-18484.0,84932,1039.9886910915375,10
-14681.0,-14478.0,-18669.0,84932,1039.9887161254883,10
-13520.0,-17388.0,-17305.0,85095,1043.3203580379486,9
-14351.0,-15730.0,-18112.0,85095,1043.3203740119934,9
-13764.0,-16657.0,-17823.0,85160,1044.434261083603,11
-12653.0,-17313.0,-17904.0,85162,1044.5131759643555,13
-13256.0,-16732.0,-18203.0,85162,1044.5132491588593,13
-12819.0,-17899.0,-17335.0,85162,1044.5132570266724,13
-13201.0,-17307.0,-17707.0,85162,1044.5132660865784,13
-14019.0,-15648.0,-18407.0,85162,1044.513386964798,13
-14263.0,-15682.0,-18179.0,85162,1044.5133950710297,13
-14163.0,-16014.0,-17987.0,85204,1045.0143570899963,14
-14186.0,-15664.0,-18251.0,85205,1045.0449390411377,15
-13391.0,-16839.0,-17920.0,85233,1045.2563920021057,16
-13238.0,-17206.0,-17734.0,85260,1045.495931148529,15
-13658.0,-17251.0,-17234.0,85261,1045.519268989563,16
-14065.0,-16342.0,-17654.0,85287,1045.7084600925446,17
-13672.0,-16311.0,-18068.0,85320,1046.0738830566406,17
-13816.0,-16677.0,-17648.0,85320,1046.0739560127258,17
-13498.0,-16795.0,-17873.0,85342,1046.3485770225525,21
-13063.0,-17168.0,-17853.0,85382,1046.6688261032104,19
-13562.0,-16926.0,-17570.0,85385,1046.7361900806427,21
-13505.0,-15759.0,-18691.0,85411,1046.987664937973,13
-13188.0,-16472.0,-18401.0,85411,1046.9876821041107,13
-14004.0,-16393.0,-17773.0,85412,1047.026134967804,14
-13631.0,-16843.0,-17656.0,85444,1047.5749580860138,15
-12805.0,-17705.0,-17471.0,85474,1047.9415271282196,16
-13261.0,-17491.0,-17316.0,85495,1048.145348072052,19
-13929.0,-15560.0,-18427.0,85514,1048.3294529914856,17
-13036.0,-17217.0,-17781.0,85525,1048.4245331287384,19
-12944.0,-17203.0,-17883.0,85547,1048.6072990894318,21
-13126.0,-17384.0,-17599.0,85585,1049.005614042282,16
-12653.0,-17610.0,-17586.0,85585,1049.005639076233,16
-12828.0,-17648.0,-17467.0,85586,1049.044275045395,17
-13229.0,-17452.0,-17420.0,85695,1050.3684589862823,25
-14358.0,-15025.0,-18562.0,85740,1050.8857910633087,12
-13876.0,-16179.0,-18184.0,85740,1050.8858029842377,12
-14017.0,-15493.0,-18523.0,85740,1050.8858139514923,12
-13203.0,-17567.0,-17307.0,85740,1050.8859331607819,12
-13529.0,-16842.0,-17845.0,85740,1050.8859691619873,12
-13989.0,-16822.0,-17407.0,85740,1050.8859930038452,12
-14483.0,-14894.0,-18520.0,85741,1050.9591059684753,13
-14087.0,-16522.0,-17610.0,85741,1050.9592289924622,13
-13984.0,-16454.0,-17789.0,85741,1050.9592530727386,13
-14342.0,-15580.0,-18181.0,85742,1051.021399974823,14
-13344.0,-17466.0,-17271.0,85757,1051.1845631599426,16
-13727.0,-16350.0,-17965.0,85787,1051.45143699646,21
-13843.0,-16555.0,-17825.0,85816,1051.749174118042,15
-13946.0,-16623.0,-17646.0,85816,1051.749181985855,15
-14010.0,-16341.0,-17732.0,85831,1051.906240940094,17
-13140.0,-17468.0,-17325.0,85851,1052.1410701274872,18
-13663.0,-17547.0,-16869.0,86004,1054.2823050022125,13
-13557.0,-17170.0,-17564.0,86216,1059.4430210590363,5
-15405.0,-14754.0,-18078.0,86216,1059.4431750774384,5
-15515.0,-15814.0,-17304.0,86216,1059.4431991577148,5
-14904.0,-14774.0,-18310.0,86216,1059.4432890415192,5
-14825.0,-15057.0,-18232.0,86216,1059.443305015564,5
-15934.0,-16517.0,-16231.0,86216,1059.4433369636536,5
-15168.0,-16477.0,-16965.0,86216,1059.4433450698853,5
-17659.0,-16534.0,-14521.0,86217,1059.5525500774384,6
-14379.0,-18138.0,-15583.0,86217,1059.5526480674744,6
-15268.0,-17705.0,-15380.0,86217,1059.5526640415192,6
-14188.0,-17103.0,-17113.0,86217,1059.5526721477509,6
-15880.0,-17341.0,-15325.0,86217,1059.552680015564,6
-18748.0,-13119.0,-16416.0,86217,1059.5527610778809,6
-16990.0,-14343.0,-17233.0,86218,1059.639198064804,7
-17959.0,-15796.0,-14827.0,86218,1059.6392951011658,7
-18125.0,-14710.0,-15624.0,86218,1059.639368057251,7
-17365.0,-14623.0,-16757.0,86218,1059.6394000053406,7
-17260.0,-14876.0,-16444.0,86219,1059.7042291164398,8
-15967.0,-16296.0,-16309.0,86219,1059.7042939662933,8
-17155.0,-16056.0,-15388.0,86219,1059.704302072525,8
-15376.0,-16863.0,-16192.0,86219,1059.7043991088867,8
-13956.0,-16527.0,-17728.0,86258,1060.2662150859833,13
-14451.0,-16528.0,-17249.0,86266,1060.3338241577148,14
-15459.0,-15615.0,-17378.0,86283,1060.4464919567108,12
-13900.0,-16328.0,-17802.0,86284,1060.4680180549622,13
-14298.0,-16258.0,-17590.0,86305,1060.6220970153809,13
-15474.0,-15938.0,-16971.0,86305,1060.622162103653,13
-14114.0,-16472.0,-17625.0,86361,1061.4237480163574,9
-16072.0,-15116.0,-17365.0,86362,1061.4535710811615,10
-16267.0,-15558.0,-16615.0,86363,1061.4800720214844,11
-14048.0,-16587.0,-17495.0,86374,1061.548213005066,13
-14488.0,-16365.0,-17419.0,86395,1061.7043340206146,12
-16485.0,-15683.0,-16243.0,86434,1062.1131610870361,11
-14132.0,-16904.0,-17187.0,86434,1062.1132819652557,11
-16431.0,-15080.0,-16966.0,86466,1062.438421010971,12
-16016.0,-14917.0,-17439.0,86466,1062.4384460449219,12
-16498.0,-14548.0,-17356.0,86492,1062.737319946289,13
-16148.0,-15418.0,-16829.0,86512,1063.0001969337463,14
-16031.0,-15240.0,-17032.0,86515,1063.0411341190338,17
-14936.0,-16764.0,-16683.0,86559,1063.6172721385956,10
-16346.0,-15380.0,-16928.0,86559,1063.617329120636,10
-15346.0,-15356.0,-17619.0,86560,1063.6457779407501,11
-14852.0,-16088.0,-17259.0,86629,1064.4146931171417,11
-16715.0,-15957.0,-15879.0,86653,1064.7114861011505,14
-16048.0,-15437.0,-17002.0,86668,1064.8932900428772,13
-16726.0,-15192.0,-16651.0,86693,1065.211079120636,12
-16733.0,-14239.0,-17409.0,86705,1065.3717379570007,16
-16583.0,-14646.0,-17116.0,86726,1065.5587780475616,15
-15440.0,-17242.0,-15816.0,86822,1066.9963450431824,8
-15451.0,-16477.0,-16588.0,86822,1066.996474981308,8
-15407.0,-15979.0,-17017.0,86822,1066.9964871406555,8
-15806.0,-15336.0,-17181.0,86823,1067.0446870326996,9
-15850.0,-15834.0,-16752.0,86824,1067.0776951313019,10
-15747.0,-16954.0,-15684.0,86845,1067.2488851547241,12
-15470.0,-16774.0,-16192.0,86856,1067.3406369686127,14
-15512.0,-17304.0,-15587.0,86933,1068.1833629608154,10
-16290.0,-15568.0,-16596.0,86935,1068.228728055954,12
-16238.0,-16222.0,-16116.0,86935,1068.2287361621857,12
-16806.0,-15360.0,-16490.0,86935,1068.2287440299988,12
-17163.0,-15554.0,-15945.0,86937,1068.2759380340576,14
-16080.0,-16442.0,-15961.0,86973,1068.4991731643677,13
-15707.0,-16889.0,-15725.0,86997,1068.703420162201,14
-17664.0,-14816.0,-16039.0,87008,1068.869313955307,12
-17165.0,-15140.0,-16282.0,87125,1070.3508651256561,11
-17121.0,-14739.0,-16585.0,87125,1070.3508729934692,11
-17219.0,-16435.0,-15012.0,87125,1070.3508820533752,11
-15731.0,-15910.0,-16694.0,87125,1070.350890159607,11
-16427.0,-16373.0,-15745.0,87125,1070.3508989810944,11
-17230.0,-15670.0,-15784.0,87125,1070.350907087326,11
-16606.0,-15877.0,-16015.0,87203,1071.3300139904022,12
-16383.0,-15875.0,-16174.0,87203,1071.330022096634,12
-17186.0,-15172.0,-16213.0,87233,1071.8235800266266,13
-16770.0,-16967.0,-14724.0,87233,1071.8236751556396,13
-16158.0,-17331.0,-14779.0,87233,1071.8236980438232,13
-17047.0,-16898.0,-14576.0,87234,1071.8642530441284,14
-17249.0,-15967.0,-15388.0,87249,1071.9990830421448,16
-17585.0,-15903.0,-15033.0,87250,1072.0188429355621,17
-17526.0,-16147.0,-14880.0,87266,1072.107943058014,19
-14851.0,-16944.0,-16588.0,87300,1072.6693079471588,9
-16630.0,-16137.0,-15784.0,87300,1072.6693739891052,9
-17465.0,-14402.0,-16588.0,87300,1072.6694731712341,9
-17116.0,-15244.0,-16180.0,87300,1072.6694810390472,9
-16194.0,-15685.0,-16555.0,87302,1072.7364950180054,11
-16180.0,-16603.0,-15631.0,87327,1072.9702520370483,13
-14787.0,-17210.0,-16352.0,87661,1078.1527450084686,7
-15539.0,-17469.0,-15348.0,87661,1078.1527791023254,7
-14129.0,-16672.0,-17487.0,87661,1078.1528210639954,7
-17178.0,-16039.0,-15493.0,87661,1078.1528379917145,7
-17664.0,-15146.0,-15889.0,87661,1078.1528460979462,7
-14563.0,-15827.0,-17896.0,87661,1078.1529729366302,7
-15399.0,-16846.0,-16297.0,87661,1078.152981042862,7
-14895.0,-16368.0,-17164.0,87661,1078.152990102768,7
-16363.0,-14393.0,-17694.0,87661,1078.1530320644379,7
-15953.0,-14656.0,-17787.0,87661,1078.1530401706696,7
-18773.0,-14391.0,-15164.0,87662,1078.2818880081177,8
-18013.0,-14304.0,-16297.0,87662,1078.2819831371307,8
-17160.0,-14668.0,-16756.0,87662,1078.2822670936584,8
-17871.0,-15464.0,-15308.0,87663,1078.339135169983,9
-16457.0,-15134.0,-16920.0,87664,1078.3743040561676,10
-16379.0,-16965.0,-15093.0,87665,1078.3981349468231,11
-16482.0,-15576.0,-16442.0,87678,1078.47621011734,13
-17105.0,-15883.0,-15622.0,87691,1078.6259219646454,14
-16566.0,-16403.0,-15548.0,87711,1078.810093164444,13
-15464.0,-16716.0,-16244.0,87744,1079.1704399585724,11
-16824.0,-15650.0,-16144.0,87744,1079.1705350875854,11
-16265.0,-16387.0,-15877.0,87744,1079.170557975769,11
-16674.0,-15561.0,-16360.0,87793,1079.854206085205,10
-14930.0,-16343.0,-17120.0,87795,1079.9098341464996,12
-16320.0,-15172.0,-17011.0,87795,1079.9098510742188,12
-16869.0,-15351.0,-16215.0,87795,1079.9098670482635,12
-15519.0,-15501.0,-17378.0,87795,1079.90989112854,12
-15761.0,-15909.0,-16744.0,87807,1080.0321991443634,13
-15770.0,-15839.0,-16865.0,87855,1080.5773780345917,14
-16728.0,-16505.0,-15340.0,87972,1082.1669299602509,9
-16815.0,-15460.0,-16324.0,87972,1082.166944026947,9
-15036.0,-16267.0,-17128.0,87972,1082.1671259403229,9
-16413.0,-14636.0,-17349.0,87972,1082.1671390533447,9
-17895.0,-16062.0,-14591.0,87974,1082.2515630722046,11
-17811.0,-15235.0,-15485.0,87974,1082.2515981197357,11
-18097.0,-15131.0,-15403.0,87997,1082.605812072754,13
-17454.0,-15041.0,-16030.0,88028,1082.892590045929,16
-18003.0,-15220.0,-15403.0,88048,1083.075886964798,13
-18374.0,-15311.0,-14895.0,88073,1083.3978650569916,15
-17618.0,-16131.0,-14739.0,88087,1083.549975156784,16
-18019.0,-15379.0,-15138.0,88172,1085.0276560783386,10
-18206.0,-15096.0,-15141.0,88172,1085.0276679992676,10
-17620.0,-14648.0,-16318.0,88172,1085.0276789665222,10
-17827.0,-14966.0,-15737.0,88174,1085.1062369346619,12
-16780.0,-15152.0,-16573.0,88244,1085.9210841655731,13
-15979.0,-15481.0,-16940.0,88244,1085.921100139618,13
-14405.0,-15749.0,-17954.0,88455,1089.7934920787811,8
-16186.0,-14559.0,-17663.0,88600,1091.848876953125,10
-17719.0,-14893.0,-15803.0,88602,1091.931095123291,12
-17637.0,-13017.0,-17725.0,88689,1093.3281531333923,12
-16920.0,-13695.0,-17755.0,88689,1093.3282589912415,12
-16070.0,-14354.0,-17803.0,88689,1093.3282670974731,12
-16896.0,-14016.0,-17392.0,88693,1093.4463109970093,16
-17335.0,-13858.0,-17282.0,88713,1093.6170420646667,15
-17515.0,-14218.0,-16706.0,88784,1094.2782909870148,14
-16327.0,-14458.0,-17627.0,88784,1094.2782990932465,14
-17203.0,-13551.0,-17493.0,88784,1094.2783069610596,14
-16646.0,-14539.0,-17225.0,88837,1095.0066211223602,13
-18110.0,-13217.0,-16939.0,88959,1096.6779971122742,14
-18485.0,-12841.0,-16766.0,88984,1097.027496099472,16
-18478.0,-12954.0,-16750.0,88984,1097.027547121048,16
-18396.0,-13190.0,-16569.0,89053,1097.9844810962677,15
-17448.0,-13522.0,-17383.0,89108,1099.0708830356598,12
-17908.0,-13502.0,-16945.0,89108,1099.0708990097046,12
-17831.0,-13484.0,-17017.0,89176,1100.4477009773254,13
-16615.0,-13995.0,-17553.0,89219,1101.0344619750977,15
-16883.0,-13916.0,-17436.0,89381,1104.546956062317,9
-17014.0,-14367.0,-16974.0,89381,1104.546972990036,9
-16770.0,-13209.0,-18068.0,89381,1104.5470049381256,9
-18311.0,-12905.0,-17098.0,89732,1111.4350490570068,6
-16558.0,-15306.0,-16856.0,89732,1111.435203075409,6
-17547.0,-13784.0,-17210.0,89732,1111.435210943222,6
-17621.0,-12148.0,-18026.0,89732,1111.4352359771729,6
-17881.0,-16780.0,-14004.0,89733,1111.5159339904785,7
-16778.0,-17870.0,-13452.0,89733,1111.5160069465637,7
-15938.0,-18374.0,-13707.0,89733,1111.5160150527954,7
-17377.0,-16302.0,-14871.0,89734,1111.5710990428925,8
-17290.0,-13680.0,-17386.0,89734,1111.5711710453033,8
-17122.0,-16277.0,-15310.0,89734,1111.5712201595306,8
-15132.0,-17594.0,-15674.0,89734,1111.5713331699371,8
-13609.0,-18378.0,-16142.0,89734,1111.5713410377502,8
-15337.0,-16832.0,-16422.0,89735,1111.6356241703033,9
-16813.0,-15331.0,-16417.0,89735,1111.6356320381165,9
-14692.0,-17495.0,-16165.0,89735,1111.6357791423798,9
-14216.0,-16490.0,-17557.0,89736,1111.6871149539948,10
-15423.0,-16502.0,-16526.0,89784,1112.313642024994,11
-15112.0,-16278.0,-17039.0,89796,1112.4218649864197,14
-15973.0,-15835.0,-16672.0,89807,1112.5196180343628,13
-15839.0,-15222.0,-17324.0,89807,1112.5196270942688,13
-16386.0,-14902.0,-17070.0,89816,1112.603364944458,15
-15183.0,-16647.0,-16462.0,89846,1112.895416021347,12
-14458.0,-16553.0,-17227.0,89869,1113.1910619735718,14
-13910.0,-16651.0,-17518.0,89876,1113.299910068512,14
-16185.0,-15411.0,-16812.0,89915,1113.8267569541931,11
-13257.0,-17702.0,-17120.0,89918,1113.891613960266,14
-13778.0,-17545.0,-16846.0,89961,1114.5240170955658,12
-14651.0,-17099.0,-16646.0,89963,1114.5851509571075,14
-15592.0,-16857.0,-15983.0,90008,1115.09042096138,14
-15281.0,-16633.0,-16496.0,90020,1115.1946630477905,17
-14504.0,-17751.0,-15924.0,90061,1115.80526804924,13
-14207.0,-17259.0,-16731.0,90061,1115.8054571151733,13
-17475.0,-14521.0,-16436.0,90145,1117.2412741184235,10
-16189.0,-16542.0,-15792.0,90145,1117.2413430213928,10
-16643.0,-15006.0,-16894.0,90146,1117.277508020401,11
-16452.0,-15904.0,-16165.0,90146,1117.2775161266327,11
-14375.0,-17230.0,-16655.0,90159,1117.3736259937286,15
-16151.0,-15211.0,-17017.0,90229,1118.2071170806885,15
-14548.0,-17375.0,-16414.0,90269,1118.848102092743,11
-14792.0,-16998.0,-16610.0,90269,1118.8481431007385,11
-15980.0,-15121.0,-17288.0,90269,1118.8481669425964,11
-16573.0,-14358.0,-17416.0,90328,1119.6083760261536,15
-16782.0,-15096.0,-16621.0,90341,1119.8207910060883,12
-17168.0,-14881.0,-16367.0,90559,1123.3905551433563,14
-15599.0,-17061.0,-15778.0,90596,1124.064423084259,13
-16989.0,-15890.0,-15669.0,90596,1124.0644710063934,13
-16250.0,-16835.0,-15353.0,90677,1125.5649991035461,17
-16610.0,-16292.0,-15539.0,90689,1125.686264038086,20
-17018.0,-15286.0,-16418.0,90793,1127.6920411586761,8
-13792.0,-18275.0,-16086.0,90793,1127.6921150684357,8
-14360.0,-17413.0,-16460.0,90793,1127.6921310424805,8
-15155.0,-17577.0,-15779.0,90793,1127.69220495224,8
-14747.0,-18505.0,-15010.0,90793,1127.6922130584717,8
-15196.0,-17973.0,-15298.0,90793,1127.6922221183777,8
-15207.0,-17208.0,-16070.0,90793,1127.6922380924225,8
-14404.0,-17911.0,-16031.0,90793,1127.6922540664673,8
-17041.0,-17284.0,-14259.0,90794,1127.7906429767609,9
-17713.0,-15240.0,-15593.0,90794,1127.7908220291138,9
-16985.0,-16572.0,-15063.0,90796,1127.8709621429443,11
-16816.0,-16217.0,-15606.0,90796,1127.8709700107574,11
-16525.0,-15480.0,-16514.0,90823,1128.151957988739,16
-16852.0,-16185.0,-15422.0,90853,1128.4866800308228,13
-17347.0,-15171.0,-16031.0,90949,1129.6917979717255,11
-15503.0,-16497.0,-16413.0,90949,1129.69198513031,11
-15268.0,-18035.0,-15069.0,90950,1129.7315609455109,12
-16194.0,-16785.0,-15385.0,90987,1130.0877120494843,18
-16345.0,-16990.0,-15079.0,91010,1130.329038143158,13
-16619.0,-16503.0,-15501.0,91010,1130.3291201591492,13
-16176.0,-16635.0,-15622.0,91011,1130.3612620830536,14
-14676.0,-17854.0,-15670.0,91011,1130.36128616333,14
-14845.0,-18209.0,-15127.0,91090,1131.2918860912323,16
-14053.0,-18147.0,-15860.0,91090,1131.2919340133667,16
-16112.0,-16586.0,-15714.0,91099,1131.4025480747223,18
-15928.0,-17127.0,-15328.0,91111,1131.5001680850983,19
-17216.0,-16188.0,-15310.0,91137,1131.8528370857239,12
-15226.0,-17505.0,-15674.0,91137,1131.8530869483948,12
-16067.0,-17468.0,-14867.0,91138,1131.8893330097198,13
-15839.0,-18147.0,-14175.0,91138,1131.8894381523132,13
-15657.0,-16901.0,-15734.0,91139,1131.9216430187225,14
-15562.0,-17441.0,-15319.0,91160,1132.1797671318054,14
-16728.0,-17624.0,-13850.0,91256,1133.2866611480713,14
-17014.0,-17119.0,-14498.0,91256,1133.2867619991302,14
-16125.0,-17552.0,-14701.0,91256,1133.2868700027466,14
-16942.0,-16675.0,-14888.0,91257,1133.3327889442444,15
-16709.0,-16271.0,-15523.0,91258,1133.348729133606,16
-16953.0,-15910.0,-15660.0,91270,1133.456927061081,18
-16616.0,-16734.0,-15131.0,91288,1133.6925320625305,15
-16785.0,-17089.0,-14588.0,91330,1134.0986070632935,16
-16751.0,-16841.0,-14848.0,91334,1134.165452003479,19
-16634.0,-16884.0,-14894.0,91360,1134.4510459899902,17
-16126.0,-17592.0,-14652.0,91381,1134.7827870845795,14
-15911.0,-18209.0,-13946.0,91386,1134.9726300239563,17
-15791.0,-18136.0,-14199.0,91386,1134.972645998001,17
-16433.0,-15815.0,-16234.0,91472,1136.2783160209656,10
-16240.0,-17613.0,-14626.0,91472,1136.2783901691437,10
-15295.0,-18200.0,-14830.0,91472,1136.2783980369568,10
-14683.0,-18564.0,-14885.0,91472,1136.2784061431885,10
-16477.0,-16313.0,-15805.0,91472,1136.2784509658813,10
-15632.0,-16144.0,-16601.0,91472,1136.278491973877,10
-16152.0,-17717.0,-14462.0,91593,1138.017305135727,13
-16631.0,-16717.0,-15126.0,91676,1139.3516509532928,11
-15541.0,-18121.0,-14468.0,91774,1140.68563914299,15
-13985.0,-18416.0,-15685.0,91831,1141.724545955658,9
-17317.0,-15809.0,-15550.0,91831,1141.72461104393,9
-16110.0,-15797.0,-16581.0,91831,1141.7246761322021,9
-16135.0,-17696.0,-14575.0,91831,1141.7247149944305,9
-14543.0,-17941.0,-15834.0,91831,1141.7247669696808,9
-14607.0,-17675.0,-16070.0,91831,1141.7248060703278,9
-16066.0,-15299.0,-17010.0,91831,1141.7248661518097,9
-17666.0,-14967.0,-15958.0,91831,1141.7248780727386,9
-17561.0,-14165.0,-16606.0,91832,1141.819020986557,10
-16484.0,-17236.0,-14822.0,91833,1141.8495481014252,11
-15111.0,-17079.0,-16208.0,91834,1141.8799109458923,12
-15401.0,-17498.0,-15417.0,91857,1142.0970129966736,14
-16133.0,-17472.0,-14651.0,91944,1143.1788129806519,18
-16351.0,-16849.0,-15181.0,91957,1143.2699670791626,15
-16901.0,-16279.0,-15369.0,92019,1144.241348028183,12
-16769.0,-15907.0,-15841.0,92104,1145.508295059204,12
-17269.0,-17144.0,-14059.0,92174,1146.8253920078278,13
-17672.0,-16042.0,-14799.0,92175,1146.866933107376,14
-17273.0,-15311.0,-15979.0,92175,1146.8669409751892,14
-17471.0,-16213.0,-14871.0,92253,1147.8885371685028,20
-15486.0,-15877.0,-17019.0,92904,1161.5496311187744,7
-16862.0,-15457.0,-16250.0,92904,1161.5496389865875,7
-13004.0,-18432.0,-16336.0,92904,1161.5496799945831,7
-16395.0,-14639.0,-17282.0,92904,1161.549695968628,7
-18188.0,-15441.0,-14987.0,92904,1161.5497291088104,7
-15397.0,-18056.0,-14871.0,92904,1161.5497529506683,7
-17769.0,-15548.0,-15348.0,92904,1161.5497779846191,7
-18333.0,-16519.0,-13802.0,92904,1161.5498340129852,7
-13379.0,-17877.0,-16902.0,92904,1161.5498671531677,7
-15356.0,-17660.0,-15352.0,92904,1161.5498750209808,7
-18139.0,-13835.0,-16454.0,92905,1161.660593032837,8
-18248.0,-15934.0,-14308.0,92905,1161.660707950592,8
-16641.0,-16281.0,-15590.0,92905,1161.6608140468597,8
-17487.0,-13525.0,-17247.0,92905,1161.6608710289001,8
-14862.0,-17088.0,-16394.0,92906,1161.7426929473877,9
-14265.0,-17403.0,-16585.0,92906,1161.7427179813385,9
-16952.0,-13941.0,-17343.0,93072,1164.7876470088959,11
-17684.0,-14963.0,-15854.0,93251,1168.6989669799805,9
-13482.0,-17945.0,-16723.0,93291,1169.4524421691895,12
-16429.0,-16569.0,-15421.0,93436,1171.9333169460297,11
-16436.0,-15774.0,-16274.0,93436,1171.933382987976,11
-15832.0,-16884.0,-15612.0,93454,1172.2315421104431,14
-14852.0,-17182.0,-16219.0,93657,1176.707967042923,10
-18158.0,-15140.0,-15107.0,93658,1176.770761013031,11
-17542.0,-14150.0,-16645.0,93881,1181.5964930057526,12
-15946.0,-15857.0,-16581.0,93992,1184.4213740825653,8
-14205.0,-18353.0,-15535.0,93992,1184.421415090561,8
-14785.0,-18420.0,-14926.0,93992,1184.4214720726013,8
-15990.0,-16355.0,-16152.0,93992,1184.4215700626373,8
-15273.0,-17184.0,-15926.0,93992,1184.421578168869,8
-18144.0,-14943.0,-15416.0,93993,1184.4864571094513,9
-18662.0,-15618.0,-14240.0,93993,1184.4864809513092,9
-17725.0,-15050.0,-15777.0,93993,1184.4865050315857,9
-17176.0,-17249.0,-14067.0,93995,1184.5734100341797,11
-17187.0,-16484.0,-14839.0,94080,1185.737543106079,14
-17052.0,-16377.0,-15122.0,94082,1185.7765340805054,16
-15469.0,-18118.0,-14642.0,94143,1186.6085720062256,13
-16564.0,-17613.0,-14122.0,94143,1186.6086201667786,13
-16342.0,-17614.0,-14437.0,94228,1187.9354629516602,11
-15534.0,-17160.0,-15706.0,94228,1187.9356100559235,11
-17230.0,-17609.0,-13250.0,94229,1187.9746029376984,12
-16093.0,-16423.0,-15973.0,94230,1188.000864982605,13
-18124.0,-15781.0,-14597.0,94306,1189.0985810756683,14
-17721.0,-16883.0,-13857.0,94307,1189.1308629512787,15
-17923.0,-15952.0,-14669.0,94324,1189.3721990585327,18
-17637.0,-16056.0,-14751.0,94324,1189.3722469806671,18
-18200.0,-16132.0,-14161.0,94336,1189.473981142044,19
-17557.0,-15836.0,-15179.0,94461,1191.8900589942932,13
-17711.0,-16240.0,-14500.0,94475,1192.0563111305237,16
-15881.0,-16711.0,-15804.0,94549,1193.2895629405975,15
-17949.0,-16561.0,-13942.0,94570,1193.8193500041962,13
-16138.0,-17329.0,-14850.0,94570,1193.819407939911,13
-17814.0,-16454.0,-14225.0,94618,1194.5422501564026,17
-14205.0,-18314.0,-15545.0,94739,1197.153820991516,10
-17135.0,-16853.0,-14548.0,94739,1197.1539039611816,10
-16121.0,-16348.0,-15941.0,94739,1197.1539199352264,10
-16336.0,-17779.0,-14148.0,94739,1197.1539521217346,10
-18258.0,-15018.0,-15202.0,94797,1198.3556430339813,11
-17900.0,-15541.0,-15137.0,94833,1199.000601053238,14
-18543.0,-15674.0,-14236.0,94893,1200.0072450637817,21
-16512.0,-16316.0,-15612.0,94922,1200.6771080493927,13
-17828.0,-16278.0,-14363.0,94924,1200.742665052414,15
-16718.0,-17428.0,-14162.0,94924,1200.7426731586456,15
-16986.0,-16493.0,-14865.0,95020,1202.1911990642548,17
-18342.0,-15845.0,-14308.0,95041,1202.5995860099792,16
-18619.0,-16025.0,-13800.0,95109,1203.5964059829712,17
-18590.0,-16355.0,-13466.0,95109,1203.5964169502258,17
-14808.0,-17758.0,-15643.0,95307,1208.0708751678467,12
-18616.0,-16437.0,-13169.0,95470,1212.1504650115967,9
-14605.0,-17994.0,-15604.0,95470,1212.1504731178284,9
-17911.0,-16984.0,-13320.0,95470,1212.1505970954895,9
-19031.0,-15037.0,-14283.0,95470,1212.1506459712982,9
-17232.0,-17240.0,-13836.0,95470,1212.150661945343,9
-16542.0,-18057.0,-13317.0,95470,1212.1507279872894,9
-18008.0,-16489.0,-13850.0,95471,1212.228677034378,10
-18376.0,-13038.0,-16790.0,95969,1222.751631975174,12
-18641.0,-16038.0,-13590.0,96082,1226.0689060688019,10
-19018.0,-15105.0,-14069.0,96365,1235.1091260910034,14
-18635.0,-15276.0,-14390.0,96517,1239.1612141132355,19
-18795.0,-12931.0,-16429.0,96834,1248.0967409610748,25
-18825.0,-12789.0,-16493.0,96920,1249.6532609462738,20
-18747.0,-12874.0,-16469.0,97038,1252.2352859973907,24
-15023.0,-18628.0,-14476.0,97139,1256.3239660263062,4
-12408.0,-17184.0,-18009.0,97139,1256.3241951465607,4
-12804.0,-16786.0,-18245.0,97139,1256.3242030143738,4
-12533.0,-17327.0,-17887.0,97139,1256.3242111206055,4
-13052.0,-18074.0,-16822.0,97139,1256.3242449760437,4
-13303.0,-18059.0,-16652.0,97139,1256.3242859840393,4
-14478.0,-18635.0,-14977.0,97139,1256.324294090271,4
-17600.0,-13098.0,-17823.0,97139,1256.3243510723114,4
-14157.0,-15210.0,-18831.0,97139,1256.3243589401245,4
-15644.0,-15364.0,-17495.0,97139,1256.3243670463562,4
-14237.0,-18079.0,-15843.0,97139,1256.3243999481201,4
-13442.0,-17451.0,-17237.0,97139,1256.3244080543518,4
-15635.0,-18264.0,-14421.0,97139,1256.3244161605835,4
-15394.0,-17708.0,-15287.0,97139,1256.3244240283966,4
-18430.0,-16508.0,-13703.0,97139,1256.3244650363922,4
-15297.0,-16027.0,-17156.0,97139,1256.3244979381561,4
-14742.0,-16244.0,-17402.0,97139,1256.3245060443878,4
-14498.0,-16975.0,-16884.0,97139,1256.3245141506195,4
-16450.0,-17232.0,-14934.0,97139,1256.324522972107,4
-16768.0,-13126.0,-18221.0,97140,1256.4913330078125,5
-18446.0,-16827.0,-12763.0,97140,1256.491366147995,5
-18824.0,-12971.0,-16290.0,97140,1256.4913909435272,5
-18159.0,-12540.0,-17369.0,97140,1256.491399049759,5
-19060.0,-13719.0,-15410.0,97140,1256.4914071559906,5
-14664.0,-15114.0,-18507.0,97140,1256.4914720058441,5
-17175.0,-13221.0,-18060.0,97140,1256.4915211200714,5
-18468.0,-14964.0,-15130.0,97140,1256.491595029831,5
-18066.0,-15636.0,-14984.0,97140,1256.4916031360626,5
-18713.0,-15678.0,-14035.0,97140,1256.4916200637817,5
-17635.0,-13201.0,-17622.0,97140,1256.4917509555817,5
-18300.0,-13632.0,-16543.0,97140,1256.4917919635773,5
-16828.0,-13884.0,-17721.0,97141,1256.6238701343536,6
-18648.0,-14249.0,-15379.0,97141,1256.6239349842072,6
-17288.0,-13864.0,-17283.0,97141,1256.6239521503448,6
-18115.0,-15938.0,-14512.0,97141,1256.6239681243896,6
-14227.0,-16281.0,-17639.0,97142,1256.6914479732513,7
-14402.0,-16319.0,-17520.0,97142,1256.691456079483,7
-14991.0,-16565.0,-16784.0,97142,1256.6914801597595,7
-14907.0,-16650.0,-16741.0,97143,1256.7341389656067,8
-16549.0,-14499.0,-17371.0,97143,1256.7341721057892,8
-16745.0,-15806.0,-16073.0,97143,1256.7341799736023,8
-16800.0,-15995.0,-15816.0,97144,1256.775668144226,9
-17260.0,-15975.0,-15378.0,97146,1256.8200161457062,11
-17373.0,-15489.0,-15663.0,97157,1256.9313020706177,11
-16953.0,-16709.0,-14778.0,97157,1256.9313099384308,11
-17518.0,-16253.0,-14703.0,97171,1257.0591580867767,15
-16806.0,-17003.0,-14718.0,97303,1258.7255909442902,9
-15397.0,-17585.0,-15260.0,97303,1258.7256560325623,9
-17205.0,-15786.0,-15635.0,97305,1258.780123949051,11
-17403.0,-16688.0,-14527.0,97311,1258.8267631530762,14
-16485.0,-15787.0,-16235.0,97339,1259.0506701469421,12
-16297.0,-15479.0,-16632.0,97402,1259.713721036911,11
-16634.0,-15887.0,-15978.0,97453,1260.4155311584473,10
-15928.0,-16553.0,-15859.0,97489,1260.9460620880127,13
-16607.0,-15449.0,-16397.0,97489,1260.9460699558258,13
-16580.0,-16243.0,-15665.0,97684,1263.797044992447,12
-15852.0,-14874.0,-17586.0,97751,1264.8470590114594,11
-14906.0,-15177.0,-18177.0,97802,1265.7564129829407,14
-14659.0,-15362.0,-18164.0,97875,1266.6632390022278,13
-15818.0,-15475.0,-17176.0,97894,1267.020975112915,9
-15879.0,-16672.0,-15821.0,97894,1267.0210399627686,9
-16278.0,-15455.0,-16738.0,97896,1267.1111390590668,11
-16333.0,-15644.0,-16481.0,97989,1268.178780078888,14
-17211.0,-13846.0,-17355.0,98085,1269.6467990875244,11
-15959.0,-15374.0,-17140.0,98085,1269.6469960212708,11
-16014.0,-15563.0,-16883.0,98087,1269.7256000041962,13
-17617.0,-13749.0,-16896.0,98243,1271.808166027069,12
-16251.0,-14237.0,-17775.0,98326,1273.5619621276855,10
-14091.0,-16917.0,-17220.0,98431,1276.083204984665,7
-15567.0,-14585.0,-18042.0,98431,1276.0833110809326,7
-16043.0,-17174.0,-15270.0,98431,1276.0834000110626,7
-16562.0,-16084.0,-15847.0,98431,1276.0834081172943,7
-17450.0,-15135.0,-15938.0,98431,1276.083424091339,7
-15431.0,-17538.0,-15325.0,98433,1276.191171169281,9
-12955.0,-16325.0,-18485.0,98706,1280.5518460273743,9
-13100.0,-16075.0,-18588.0,98706,1280.5520839691162,9
-14890.0,-17230.0,-16154.0,98707,1280.589005947113,10
-15413.0,-18005.0,-14891.0,98762,1281.1822850704193,12
-15690.0,-18185.0,-14383.0,98773,1281.3166689872742,14
-15712.0,-18198.0,-14173.0,98773,1281.3166770935059,14
-14256.0,-18376.0,-15447.0,98799,1281.6081380844116,14
-14467.0,-17377.0,-16390.0,98906,1283.37956905365,10
-15444.0,-15234.0,-17575.0,99143,1287.978916168213,8
-14016.0,-16550.0,-17557.0,99143,1287.9789490699768,8
-16965.0,-14886.0,-16568.0,99251,1289.7864820957184,12
-17406.0,-14637.0,-16367.0,99275,1290.0853180885315,15
-17060.0,-16492.0,-14903.0,99535,1295.2824349403381,9
-15596.0,-15485.0,-17417.0,99828,1302.2982680797577,6
-13043.0,-16850.0,-18037.0,99828,1302.2983739376068,6
-16341.0,-17806.0,-14051.0,99828,1302.2984430789948,6
-18023.0,-16450.0,-14039.0,99828,1302.2985651493073,6
-17658.0,-16726.0,-14135.0,99828,1302.298581123352,6
-17294.0,-17066.0,-14082.0,99828,1302.2985980510712,6
-15638.0,-16977.0,-15805.0,99828,1302.2986061573029,6
-13296.0,-17343.0,-17340.0,99829,1302.4144880771637,7
-15635.0,-14537.0,-18031.0,99829,1302.4145619869232,7
-17092.0,-15143.0,-16412.0,99829,1302.4147100448608,7
-16896.0,-13836.0,-17710.0,99829,1302.4147181510925,7
-18658.0,-14391.0,-15264.0,99829,1302.4148650169373,7
-17797.0,-14472.0,-16277.0,99829,1302.4149379730225,7
-17552.0,-15123.0,-15974.0,99830,1302.495931148529,8
-17937.0,-17127.0,-12987.0,99830,1302.4960131645203,8
-17044.0,-15264.0,-16334.0,99830,1302.496029138565,8
-17562.0,-15158.0,-15851.0,99832,1302.5887031555176,10
-17713.0,-16647.0,-14097.0,99919,1303.8571600914001,12
-18148.0,-15717.0,-14590.0,99919,1303.8572089672089,12
-18022.0,-15138.0,-15413.0,99939,1304.050570011139,13
-17417.0,-16170.0,-15001.0,99939,1304.0506789684296,13
-17436.0,-16467.0,-14605.0,99952,1304.1597800254822,15
-17454.0,-16000.0,-15039.0,99960,1304.206395149231,16
-18125.0,-15076.0,-15173.0,99979,1304.4308259487152,16
-17504.0,-15244.0,-15896.0,99988,1304.562705039978,12
-15934.0,-17454.0,-14901.0,99990,1304.6057901382446,14
-16936.0,-16106.0,-15522.0,100026,1304.9898099899292,13
-17768.0,-15648.0,-15087.0,100041,1305.1593041419983,15
-17131.0,-15691.0,-15660.0,100041,1305.1593120098114,15
-18221.0,-15556.0,-14688.0,100140,1306.8132071495056,9
-18652.0,-16140.0,-13501.0,100140,1306.8132231235504,9
-18175.0,-16920.0,-13209.0,100142,1306.8887190818787,11
-17898.0,-16740.0,-13717.0,100248,1308.1719291210175,16
-17799.0,-16525.0,-14139.0,100285,1308.5923869609833,11
-16244.0,-17257.0,-14843.0,100288,1308.6420431137085,14
-16682.0,-17430.0,-14137.0,100371,1309.8806829452515,12
-17806.0,-15617.0,-15146.0,100713,1317.2580890655518,8
-16395.0,-15494.0,-16530.0,100714,1317.3136639595032,9
-17312.0,-14223.0,-16907.0,101042,1323.3181099891663,10
-16878.0,-15156.0,-16496.0,101042,1323.3181500434875,10
-16367.0,-15772.0,-16307.0,101173,1325.1549589633942,12
-16784.0,-15245.0,-16496.0,101437,1330.587571144104,10
-16832.0,-15124.0,-16574.0,101437,1330.5875799655914,10
-17293.0,-13994.0,-17144.0,101437,1330.5876610279083,10
-16114.0,-15379.0,-16934.0,101476,1331.1574511528015,15
-16644.0,-14816.0,-16971.0,101560,1332.6864659786224,20
-16694.0,-14767.0,-16898.0,101561,1332.7029860019684,21
-15903.0,-15165.0,-17253.0,101654,1334.0754210948944,14
-16642.0,-14676.0,-17104.0,101654,1334.0755360126495,14
-15235.0,-15834.0,-17302.0,101838,1338.0904870033264,7
-14646.0,-15588.0,-18038.0,101838,1338.0905361175537,7
-17540.0,-14503.0,-16480.0,101839,1338.158390045166,8
-14471.0,-15550.0,-18157.0,101839,1338.158467054367,8
-16258.0,-14832.0,-17401.0,101839,1338.1585140228271,8
-16117.0,-14933.0,-17437.0,101839,1338.158525943756,8
-16094.0,-15367.0,-16955.0,101841,1338.282977104187,10
-16411.0,-15344.0,-16634.0,101842,1338.3182489871979,11
-16060.0,-15228.0,-17038.0,101844,1338.3596889972687,13
-14534.0,-15766.0,-17903.0,101869,1338.6593079566956,16
-14418.0,-15561.0,-18043.0,101878,1338.7244069576263,16
-16871.0,-15324.0,-16196.0,101922,1339.3164401054382,12
-17446.0,-14592.0,-16480.0,102010,1340.874442100525,12
-17127.0,-14335.0,-16931.0,102048,1341.2550389766693,13
-17129.0,-14964.0,-16372.0,102184,1343.4439351558685,11
-16928.0,-15067.0,-16422.0,102235,1344.7771489620209,9
-16424.0,-14589.0,-17289.0,102235,1344.7772960662842,9
-14260.0,-15819.0,-18075.0,102235,1344.7773039340973,9
-13974.0,-16535.0,-17623.0,102334,1346.3837399482727,11
-13210.0,-16251.0,-18478.0,102356,1346.8433310985565,14
-13070.0,-16485.0,-18271.0,102467,1348.4780039787292,18
-16418.0,-14400.0,-17514.0,102723,1354.1642770767212,9
-16909.0,-15421.0,-16186.0,102749,1354.484691143036,14
-17625.0,-14412.0,-16483.0,102960,1357.4935190677643,14
-17139.0,-15305.0,-16087.0,103083,1360.2739520072937,10
-18335.0,-14577.0,-15489.0,103084,1360.3234951496124,11
-18623.0,-14884.0,-14834.0,103084,1360.3235030174255,11
-17832.0,-14730.0,-15902.0,103125,1361.0587611198425,16
-18149.0,-14707.0,-15581.0,103176,1361.638657093048,15
-16306.0,-14711.0,-17479.0,103556,1370.694678068161,9
-16165.0,-14812.0,-17515.0,103556,1370.6947770118713,9
-18448.0,-14979.0,-14896.0,103556,1370.6948261260986,9
-17494.0,-14471.0,-16558.0,103556,1370.6948339939117,9
-15006.0,-14699.0,-18503.0,103557,1370.7752499580383,10
-14652.0,-15179.0,-18260.0,103557,1370.77525806427,10
-14957.0,-15164.0,-18136.0,103557,1370.7752981185913,10
-17630.0,-13449.0,-17279.0,103557,1370.7753059864044,10
-17170.0,-13469.0,-17717.0,103557,1370.7753310203552,10
-17974.0,-13570.0,-16891.0,103557,1370.775339126587,10
-17177.0,-14843.0,-16450.0,103558,1370.8596460819244,11
-16625.0,-14792.0,-17077.0,103558,1370.8596539497375,11
-15588.0,-15165.0,-17569.0,103595,1371.2292890548706,15
-16454.0,-14478.0,-17420.0,103595,1371.229329109192,15
-16914.0,-14458.0,-16982.0,103775,1373.8720300197601,15
-17121.0,-13934.0,-17350.0,103800,1374.315535068512,12
-15791.0,-14571.0,-17914.0,103800,1374.3155460357666,12
-15534.0,-14467.0,-18090.0,103800,1374.3155579566956,12
-16405.0,-14943.0,-17053.0,103800,1374.3157501220703,12
-15731.0,-15105.0,-17459.0,103835,1375.0879440307617,18
-15669.0,-14901.0,-17713.0,103890,1375.997267961502,13
-15650.0,-14672.0,-17950.0,103890,1375.9973320960999,13
-17717.0,-13466.0,-17067.0,103960,1376.914216041565,17
-15164.0,-15482.0,-17555.0,104027,1378.3465440273285,11
-16635.0,-14827.0,-16954.0,104027,1378.34668302536,11
-16776.0,-14726.0,-16918.0,104027,1378.3467321395874,11
-16611.0,-14206.0,-17450.0,104027,1378.3467481136322,11
-16127.0,-15260.0,-16935.0,104047,1378.6861491203308,16
-18121.0,-14181.0,-15999.0,104117,1380.1156730651855,14
-17735.0,-14088.0,-16618.0,104452,1388.6406271457672,10
-18412.0,-13181.0,-16561.0,104452,1388.6406681537628,10
-18394.0,-12860.0,-16882.0,104452,1388.640676021576,10
-16459.0,-14230.0,-17763.0,104452,1388.6407661437988,10
-16842.0,-14192.0,-17397.0,104457,1388.8651089668274,15
-16585.0,-14088.0,-17573.0,104467,1388.971610069275,19
-16199.0,-14211.0,-17925.0,104501,1389.4908690452576,14
-15073.0,-15376.0,-17695.0,104504,1389.5602309703827,17
-15253.0,-14514.0,-18516.0,104527,1389.783117055893,18
-15786.0,-14205.0,-18138.0,104540,1389.9623329639435,16
-16201.0,-13327.0,-18295.0,104600,1390.9762840270996,13
-16342.0,-13694.0,-18230.0,104600,1390.9764080047607,13
-15785.0,-14392.0,-18169.0,104600,1390.9764981269836,13
-16942.0,-14503.0,-16902.0,104620,1391.4991731643677,16
-17558.0,-13183.0,-17694.0,104652,1392.1473710536957,17
-16027.0,-14455.0,-17839.0,104665,1392.3102159500122,19
-17301.0,-13079.0,-17870.0,104690,1392.5291390419006,22
-16584.0,-13757.0,-17900.0,104698,1392.6022319793701,23
-17934.0,-13394.0,-16904.0,104759,1393.5587179660797,18
-16598.0,-13574.0,-18114.0,104814,1394.4636421203613,15
-17076.0,-13938.0,-17355.0,104879,1396.0058331489563,12
-16616.0,-13958.0,-17793.0,104879,1396.0058989524841,12
-15734.0,-14859.0,-17658.0,104879,1396.0059311389923,12
-14970.0,-14575.0,-18513.0,104879,1396.0059399604797,12
-15033.0,-14791.0,-18259.0,104879,1396.0059480667114,12
-16029.0,-14134.0,-17927.0,104904,1396.8987259864807,14
-16999.0,-13920.0,-17427.0,104905,1396.9432260990143,15
-16039.0,-14311.0,-17847.0,105077,1400.001039981842,14
-15507.0,-13827.0,-18542.0,105238,1403.0027911663055,11
-14506.0,-15560.0,-18056.0,105238,1403.0029230117798,11
-15914.0,-13922.0,-18381.0,105238,1403.0030620098114,11
-16237.0,-14874.0,-17174.0,105238,1403.003095149994,11
-14832.0,-15000.0,-18302.0,105239,1403.0838029384613,12
-16823.0,-13946.0,-17453.0,105472,1407.2782180309296,16
-15081.0,-14395.0,-18551.0,105560,1409.3912990093231,14
-15337.0,-14275.0,-18435.0,105683,1411.5652241706848,14
-14938.0,-14912.0,-18246.0,105713,1412.2698011398315,15
-15063.0,-14072.0,-18653.0,105761,1413.562569141388,16
-14237.0,-15080.0,-18587.0,105781,1414.0838739871979,19
-13805.0,-16334.0,-17859.0,105852,1415.4645071029663,19
-13992.0,-15215.0,-18837.0,105873,1416.087471961975,23
-13709.0,-15276.0,-18834.0,106006,1418.7144839763641,32
-13447.0,-15412.0,-18927.0,106036,1419.714497089386,13
-14164.0,-14576.0,-19148.0,106159,1423.143888950348,5
-13449.0,-15461.0,-18797.0,106159,1423.1439061164856,5
-16694.0,-16501.0,-15452.0,106159,1423.144021987915,5
-15293.0,-17603.0,-15490.0,106159,1423.1442029476166,5
-17880.0,-16972.0,-13618.0,106159,1423.1442921161652,5
-16521.0,-15437.0,-16598.0,106159,1423.1443660259247,5
-17040.0,-17476.0,-13873.0,106159,1423.1444079875946,5
-16239.0,-17805.0,-14240.0,106159,1423.1444160938263,5
-13817.0,-15239.0,-18809.0,106160,1423.2648899555206,6
-17628.0,-12360.0,-18006.0,106160,1423.2649140357971,6
-18231.0,-16669.0,-13436.0,106160,1423.2649500370026,6
-18680.0,-12551.0,-16740.0,106160,1423.2650110721588,6
-17915.0,-13108.0,-17468.0,106160,1423.2651071548462,6
-17155.0,-13015.0,-18091.0,106160,1423.265130996704,6
-15610.0,-14439.0,-18290.0,106160,1423.2651431560516,6
-18704.0,-12973.0,-16643.0,106160,1423.2652390003204,6
-18421.0,-16164.0,-14056.0,106160,1423.2654790878296,6
-18196.0,-15934.0,-14524.0,106160,1423.2656350135803,6
-17857.0,-15193.0,-15602.0,106160,1423.2656469345093,6
-17253.0,-13761.0,-17484.0,106160,1423.265706062317,6
-16969.0,-16142.0,-15511.0,106160,1423.2657179832458,6
-17982.0,-16883.0,-13486.0,106161,1423.4191601276398,7
-18668.0,-13714.0,-16059.0,106161,1423.419382095337,7
-16729.0,-15926.0,-15844.0,106162,1423.485612154007,8
-18077.0,-14751.0,-15776.0,106162,1423.4857070446014,8
-18495.0,-16127.0,-13806.0,106164,1423.5588631629944,10
-17917.0,-15686.0,-14923.0,106278,1425.0066599845886,13
-17889.0,-16263.0,-14254.0,106341,1425.9397010803223,11
-18288.0,-15777.0,-14415.0,106366,1426.51900100708,9
-17809.0,-16528.0,-14111.0,106366,1426.5190250873566,9
-18202.0,-14793.0,-15411.0,106366,1426.519049167633,9
-16406.0,-16734.0,-15363.0,106563,1430.2566249370575,13
-16190.0,-17213.0,-15096.0,106627,1431.204952955246,11
-16719.0,-17002.0,-14765.0,106752,1433.4534571170807,10
-16107.0,-17366.0,-14820.0,106764,1433.804347038269,14
-15562.0,-17373.0,-15321.0,106786,1434.160264968872,11
-17599.0,-16249.0,-14715.0,106833,1435.1784660816193,9
-15963.0,-15886.0,-16578.0,106833,1435.178482055664,9
-16099.0,-17468.0,-14763.0,106833,1435.1785471439362,9
-17339.0,-16230.0,-14877.0,106880,1436.099468946457,11
-18004.0,-13891.0,-16519.0,106930,1437.33593416214,11
-17813.0,-14695.0,-16031.0,106931,1437.3753559589386,12
-17353.0,-14715.0,-16469.0,106931,1437.375405073166,12
-15930.0,-17113.0,-15306.0,106932,1437.4258649349213,13
-17594.0,-14857.0,-16041.0,107161,1441.3291220664978,14
-17868.0,-14013.0,-16571.0,107161,1441.329129934311,14
-17134.0,-14877.0,-16479.0,107161,1441.3291461467743,14
-17311.0,-14711.0,-16510.0,107161,1441.3291540145874,14
-17448.0,-16044.0,-15021.0,107317,1444.7959620952606,11
-18042.0,-13626.0,-16659.0,107317,1444.7959940433502,11
-17685.0,-15133.0,-15808.0,107540,1449.6621940135956,7
-18249.0,-16104.0,-14262.0,107540,1449.6622021198273,7
-15500.0,-17335.0,-15555.0,107540,1449.6623661518097,7
-16035.0,-17502.0,-14811.0,107540,1449.6623749732971,7
-17944.0,-12880.0,-17266.0,107541,1449.7419130802155,8
-16682.0,-13994.0,-17509.0,107542,1449.79159116745,9
-15305.0,-14739.0,-18088.0,107622,1450.8350961208344,19
-16205.0,-15645.0,-16540.0,107645,1451.3065030574799,12
-14079.0,-15643.0,-18323.0,107696,1452.171637058258,10
-17150.0,-13263.0,-17748.0,107897,1456.1362590789795,22
-16214.0,-15871.0,-16408.0,108214,1463.771563053131,8
-15974.0,-14643.0,-17706.0,108214,1463.771579027176,8
-16384.0,-14380.0,-17613.0,108214,1463.7715871334076,8
-17199.0,-14117.0,-17171.0,108214,1463.7715950012207,8
-16852.0,-16560.0,-15080.0,108215,1463.8441200256348,9
-15726.0,-17002.0,-15650.0,108354,1466.2063491344452,11
-17268.0,-17336.0,-13673.0,108580,1471.256138086319,9
-15791.0,-15826.0,-16784.0,108580,1471.256243944168,9
-15851.0,-15292.0,-17239.0,108584,1471.4665441513062,13
-17318.0,-15300.0,-15919.0,108584,1471.4665529727936,13
-16465.0,-15664.0,-16378.0,108584,1471.4665620326996,13
-17123.0,-16546.0,-14832.0,108624,1472.0250010490417,14
-16942.0,-14013.0,-17347.0,108735,1473.6146211624146,16
-18214.0,-12507.0,-17328.0,108851,1476.689038991928,11
-16207.0,-14546.0,-17582.0,108913,1478.4735951423645,12
-17658.0,-13004.0,-17644.0,108914,1478.524917125702,13
-18447.0,-12869.0,-16819.0,108914,1478.5249330997467,13
-17181.0,-14655.0,-16675.0,108914,1478.5250389575958,13
-16503.0,-15563.0,-16361.0,108930,1478.8087689876556,16
-16091.0,-14341.0,-17722.0,108983,1479.6949751377106,18
-17469.0,-13509.0,-17302.0,108985,1479.7450439929962,19
-18034.0,-14291.0,-16216.0,109145,1482.6865241527557,13
-16348.0,-14445.0,-17546.0,109145,1482.6865410804749,13
-16941.0,-13682.0,-17674.0,109145,1482.686548948288,13
-17745.0,-15626.0,-15129.0,109146,1482.7487070560455,14
-17383.0,-13207.0,-17666.0,109146,1482.748773097992,14
-17843.0,-13845.0,-16694.0,109147,1482.800136089325,15
-17150.0,-14420.0,-16879.0,109175,1483.2850840091705,18
-17713.0,-14039.0,-16656.0,109262,1484.8030619621277,15
-17536.0,-14205.0,-16625.0,109266,1485.0112240314484,17
-17741.0,-13383.0,-17162.0,109319,1486.0810389518738,14
-17832.0,-15222.0,-15404.0,109405,1487.7539851665497,18
-18116.0,-15717.0,-14621.0,109406,1487.7812840938568,19
-18336.0,-14589.0,-15412.0,109496,1489.3497531414032,16
-18729.0,-14245.0,-15391.0,109525,1490.1396629810333,16
-18441.0,-12695.0,-16993.0,109564,1491.0755741596222,21
-18434.0,-12808.0,-16977.0,109619,1492.1624641418457,24
-18813.0,-12938.0,-16381.0,109712,1494.077199935913,20
-18370.0,-15963.0,-14073.0,109856,1498.2999379634857,11
-17061.0,-17028.0,-14279.0,109858,1498.4153039455414,13
-16804.0,-16227.0,-15407.0,109904,1499.5512249469757,17
-18098.0,-15188.0,-15131.0,110122,1504.4521300792694,18
-17789.0,-14473.0,-16170.0,110188,1505.843575000763,15
-17935.0,-16893.0,-13580.0,110436,1511.668730020523,16
-17957.0,-16906.0,-13370.0,110437,1511.7102241516113,17
-18993.0,-13723.0,-15422.0,110742,1520.3463649749756,12
-18637.0,-14847.0,-14815.0,110742,1520.3464550971985,12
-13617.0,-16309.0,-18142.0,110887,1524.7305459976196,6
-13792.0,-16347.0,-18023.0,110887,1524.7308831214905,6
-16651.0,-17315.0,-14507.0,110887,1524.7310910224915,6
-19312.0,-15837.0,-12849.0,110888,1524.8047261238098,7
-13999.0,-15132.0,-18889.0,110888,1524.8047511577606,7
-17794.0,-17271.0,-12757.0,110888,1524.8048810958862,7
-19102.0,-16301.0,-12873.0,110888,1524.8050360679626,7
-18561.0,-11844.0,-17667.0,110888,1524.8050520420074,7
-18385.0,-11523.0,-17905.0,110888,1524.8050680160522,7
-14474.0,-15148.0,-18325.0,110889,1524.8808920383453,8
-16041.0,-13811.0,-18247.0,110889,1524.880900144577,8
-16033.0,-14435.0,-17901.0,110889,1524.8809411525726,8
-19080.0,-13184.0,-16090.0,110889,1524.8811211585999,8
-19170.0,-12971.0,-16102.0,110889,1524.8811371326447,8
-18678.0,-12596.0,-16860.0,110889,1524.8811531066895,8
-18204.0,-14530.0,-15941.0,110889,1524.8811860084534,8
-16042.0,-14595.0,-17695.0,110890,1524.9805431365967,9
-17700.0,-14052.0,-16808.0,110890,1524.9806661605835,9
-18160.0,-14032.0,-16370.0,110890,1524.980731010437,9
-19357.0,-14973.0,-13834.0,110890,1524.9807469844818,9
-18997.0,-15033.0,-14395.0,110890,1524.9807629585266,9
-17141.0,-14789.0,-16541.0,110891,1525.0613000392914,10
-17969.0,-15216.0,-15515.0,110891,1525.0613241195679,10
-18429.0,-15196.0,-15077.0,110891,1525.0613360404968,10
-18739.0,-14387.0,-15276.0,110891,1525.061383008957,10
-18728.0,-15389.0,-14359.0,110892,1525.1378090381622,11
-17645.0,-15267.0,-15674.0,110893,1525.173007965088,12
-16434.0,-16482.0,-15614.0,110904,1525.251846075058,14
-17316.0,-16065.0,-15204.0,110919,1525.428889989853,13
-18213.0,-15675.0,-14810.0,110926,1525.494989156723,15
-16650.0,-16003.0,-15881.0,110962,1525.9405100345612,12
-17601.0,-14769.0,-16103.0,110963,1525.9634840488434,13
-17709.0,-15197.0,-15677.0,111036,1526.8114221096039,14
-18460.0,-15327.0,-14712.0,111054,1527.1040000915527,15
-18517.0,-14993.0,-14853.0,111099,1527.855276107788,11
-18897.0,-16181.0,-13309.0,111128,1528.2243871688843,13
-18172.0,-16216.0,-13929.0,111128,1528.2243950366974,13
-19068.0,-16094.0,-13020.0,111140,1528.3325090408325,18
-18769.0,-15901.0,-13738.0,111146,1528.3801290988922,17
-18588.0,-16204.0,-13470.0,111153,1528.485202074051,16
-18800.0,-16032.0,-13373.0,111162,1528.5861930847168,19
-18553.0,-16607.0,-13011.0,111274,1530.6637160778046,10
-17818.0,-16872.0,-13758.0,111274,1530.6637411117554,10
-19146.0,-14683.0,-14315.0,111274,1530.6637811660767,10
-18923.0,-15421.0,-14099.0,111274,1530.6638469696045,10
-19059.0,-16198.0,-13165.0,111274,1530.663871049881,10
-17861.0,-16058.0,-14703.0,111274,1530.663880109787,10
-18628.0,-15614.0,-14352.0,111274,1530.6638879776,10
-17777.0,-15231.0,-15597.0,111275,1530.7350890636444,11
-18997.0,-15384.0,-13849.0,111275,1530.735113143921,11
-18559.0,-14763.0,-15190.0,111309,1531.0773620605469,14
-18698.0,-15191.0,-14567.0,111342,1531.4647040367126,13
-17719.0,-14281.0,-16571.0,111342,1531.4647450447083,13
-18829.0,-14174.0,-15288.0,111342,1531.4648110866547,13
-18554.0,-14050.0,-15675.0,111472,1533.675446987152,11
-18027.0,-14608.0,-15847.0,111472,1533.6754550933838,11
-18071.0,-15106.0,-15418.0,111472,1533.6755290031433,11
-17803.0,-15108.0,-15677.0,111472,1533.675537109375,11
-18695.0,-15540.0,-14256.0,111473,1533.7403490543365,12
-18418.0,-15360.0,-14764.0,111473,1533.7403900623322,12
-17601.0,-16039.0,-14865.0,111475,1533.8039450645447,14
-15822.0,-16846.0,-15669.0,111475,1533.8040101528168,14
-18094.0,-15258.0,-15150.0,111508,1534.2332980632782,14
-18080.0,-15288.0,-15169.0,111584,1535.398973941803,14
-18426.0,-15339.0,-14667.0,111681,1537.0622429847717,15
-18584.0,-15116.0,-14781.0,111734,1538.1298689842224,12
-18956.0,-15505.0,-13751.0,111737,1538.2095501422882,15
-18221.0,-15770.0,-14498.0,111737,1538.2096309661865,15
-18124.0,-15136.0,-15219.0,111738,1538.240972995758,16
-18782.0,-16018.0,-13673.0,111798,1539.0199630260468,15
-18185.0,-16333.0,-13864.0,111826,1539.4583661556244,16
-18821.0,-16405.0,-12943.0,111827,1539.4900150299072,17
-18790.0,-15997.0,-13576.0,111863,1539.9362471103668,20
-18894.0,-14307.0,-14980.0,111943,1541.1114871501923,14
-19375.0,-15474.0,-13381.0,112065,1544.0361051559448,9
-17935.0,-16691.0,-13663.0,112065,1544.036139011383,9
-17658.0,-14048.0,-16849.0,112066,1544.0869030952454,10
-18215.0,-13350.0,-16910.0,112066,1544.0869841575623,10
-19207.0,-14264.0,-14820.0,112221,1546.0610091686249,12
-18913.0,-15201.0,-14269.0,112221,1546.0610909461975,12
-17806.0,-15241.0,-15407.0,112221,1546.0610990524292,12
-18570.0,-14607.0,-15290.0,112221,1546.0611159801483,12
-19433.0,-14006.0,-14686.0,112394,1548.8494081497192,11
-17685.0,-14889.0,-15915.0,112394,1548.8494491577148,11
-17481.0,-14214.0,-16818.0,112398,1548.9882011413574,14
-18191.0,-13671.0,-16547.0,112418,1549.3230230808258,16
-17941.0,-14194.0,-16380.0,112447,1549.769742012024,13
-18526.0,-14109.0,-15719.0,112488,1550.362930059433,15
-18572.0,-14803.0,-14966.0,112568,1552.044016122818,12
-19297.0,-15695.0,-13159.0,112817,1558.007481098175,10
-19107.0,-15412.0,-13734.0,112817,1558.007493019104,10
-18351.0,-13228.0,-16858.0,112817,1558.007504940033,10
-18301.0,-13443.0,-16583.0,112848,1558.4262421131134,14
-18310.0,-14588.0,-15452.0,112966,1560.059632062912,15
-18149.0,-14159.0,-16046.0,113152,1563.2804961204529,12
-18541.0,-13511.0,-16283.0,113202,1564.3791551589966,13
-17421.0,-13647.0,-17279.0,113203,1564.4188771247864,14
-18172.0,-13777.0,-16314.0,113203,1564.4189829826355,14
-18531.0,-12766.0,-16767.0,113246,1565.183827161789,16
-17221.0,-14195.0,-16980.0,113304,1565.9648339748383,18
-17841.0,-13366.0,-17147.0,113339,1566.5146379470825,16
-17792.0,-13965.0,-16591.0,113418,1568.069627046585,15
-17041.0,-13835.0,-17556.0,113418,1568.0697729587555,15
-17931.0,-13652.0,-16709.0,113450,1568.6079001426697,19
-17254.0,-13499.0,-17413.0,113452,1568.6452181339264,21
-15642.0,-14454.0,-18083.0,113537,1570.4787831306458,11
-17537.0,-13461.0,-17291.0,113537,1570.4788811206818,11
-15364.0,-15222.0,-17800.0,113768,1576.1009440422058,8
-17546.0,-15363.0,-15751.0,113768,1576.100993156433,8
-17523.0,-15797.0,-15269.0,113768,1576.101009130478,8
-17316.0,-15479.0,-15850.0,113768,1576.101026058197,8
-18032.0,-14470.0,-16147.0,113768,1576.1010341644287,8
-16561.0,-15208.0,-16747.0,113769,1576.1807000637054,9
-16109.0,-15467.0,-16881.0,113769,1576.1807570457458,9
-18026.0,-15644.0,-14856.0,113770,1576.2378981113434,10
-17890.0,-14867.0,-15790.0,113770,1576.2379059791565,10
-16164.0,-16649.0,-15573.0,113773,1576.3360550403595,13
-14658.0,-16773.0,-16779.0,113807,1576.73339509964,16
-17552.0,-15874.0,-15098.0,113821,1576.9413840770721,14
-16922.0,-13371.0,-17820.0,114085,1582.0351870059967,10
-18834.0,-16239.0,-13226.0,114117,1582.771903038025,17
-19120.0,-15144.0,-13811.0,114119,1582.7972249984741,19
-19217.0,-14649.0,-14341.0,114148,1583.0078670978546,20
-19185.0,-14913.0,-14040.0,114245,1584.4089939594269,15
-19609.0,-13592.0,-14966.0,114284,1585.327810049057,12
-18857.0,-15587.0,-13968.0,114284,1585.3279070854187,12
-19399.0,-14361.0,-14541.0,114284,1585.3279230594635,12
-19049.0,-14317.0,-14846.0,114286,1585.4179439544678,14
-18475.0,-14929.0,-14906.0,114287,1585.4444880485535,15
-18934.0,-15091.0,-14312.0,114375,1586.6498539447784,14
-19213.0,-14463.0,-14575.0,114434,1588.114401102066,13
-18972.0,-13935.0,-15436.0,114521,1590.25488615036,16
-19135.0,-14684.0,-14353.0,114536,1590.5477390289307,19
-19392.0,-14033.0,-14759.0,114561,1590.9237780570984,17
-19002.0,-14067.0,-15069.0,114580,1591.2568571567535,20
-19030.0,-14942.0,-14498.0,114789,1595.7836029529572,11
-18742.0,-14635.0,-15153.0,114789,1595.7836921215057,11
-18958.0,-15679.0,-13724.0,114789,1595.7837090492249,11
-18556.0,-14765.0,-15245.0,114789,1595.7837171554565,11
-18239.0,-14788.0,-15566.0,114789,1595.7837250232697,11
-17989.0,-15284.0,-15202.0,114830,1596.6245110034943,13
-18594.0,-15021.0,-14815.0,114835,1596.7429521083832,18
-18987.0,-15349.0,-14058.0,114844,1596.8123669624329,18
-18268.0,-14865.0,-15395.0,114844,1596.8123919963837,18
-18911.0,-14998.0,-14494.0,114854,1596.9050340652466,20
-18751.0,-15361.0,-14305.0,114860,1597.0213520526886,16
-18588.0,-14423.0,-15261.0,114913,1598.0538079738617,16
-18744.0,-15445.0,-14025.0,114964,1599.383355140686,17
-19156.0,-14937.0,-13920.0,115098,1602.5710220336914,22
-18766.0,-13040.0,-16319.0,115495,1609.7729830741882,18
-19315.0,-12195.0,-16424.0,115804,1617.2560040950775,9
-19193.0,-12113.0,-16751.0,115804,1617.2560119628906,9
-18508.0,-16100.0,-13754.0,115804,1617.2560529708862,9
-19386.0,-14429.0,-14327.0,115804,1617.256078004837,9
-18710.0,-15169.0,-14566.0,115804,1617.2560861110687,9
-19009.0,-15362.0,-13848.0,115804,1617.2560951709747,9
-19207.0,-14221.0,-14849.0,115804,1617.2561440467834,9
-18465.0,-14455.0,-15661.0,115804,1617.2561521530151,9
-18381.0,-13628.0,-16555.0,115804,1617.2561600208282,9
-19116.0,-12443.0,-16674.0,115804,1617.256175994873,9
-18263.0,-15386.0,-14849.0,115804,1617.2561841011047,9
-17749.0,-15464.0,-15364.0,115804,1617.2562170028687,9
-17183.0,-14784.0,-16582.0,115804,1617.2562820911407,9
-17042.0,-14885.0,-16618.0,115804,1617.2562911510468,9
-17546.0,-13454.0,-17510.0,115804,1617.2562990188599,9
-16812.0,-15001.0,-16717.0,115804,1617.2563071250916,9
-19258.0,-12246.0,-16443.0,115805,1617.4155900478363,10
-15404.0,-15591.0,-17386.0,115805,1617.4157860279083,10
-15407.0,-14105.0,-18537.0,115806,1617.4652791023254,11
-15571.0,-15540.0,-17219.0,115806,1617.4654259681702,11
-18137.0,-15021.0,-15250.0,115807,1617.5118131637573,12
-17665.0,-14637.0,-16258.0,115808,1617.5408220291138,13
-16708.0,-13906.0,-17664.0,115811,1617.592808008194,16
-16198.0,-14629.0,-17578.0,115833,1617.7773311138153,15
-16076.0,-14959.0,-17377.0,115842,1617.8708021640778,17
-16517.0,-14710.0,-17176.0,115842,1617.8708100318909,17
-16585.0,-13603.0,-18013.0,115880,1618.3253419399261,14
-16091.0,-13938.0,-18177.0,115880,1618.325366973877,14
-18054.0,-14916.0,-15553.0,115969,1619.5269720554352,13
-17288.0,-13019.0,-18013.0,115969,1619.5270130634308,13
-16695.0,-13782.0,-17885.0,115969,1619.5270290374756,13
-17502.0,-14865.0,-16180.0,115969,1619.5270380973816,13
-18410.0,-13792.0,-16160.0,115970,1619.577996969223,14
-18018.0,-13838.0,-16502.0,115971,1619.6032500267029,15
-16951.0,-14345.0,-17068.0,116031,1620.2482011318207,17
-16738.0,-13348.0,-17921.0,116032,1620.2624969482422,18
-17307.0,-13221.0,-17675.0,116046,1620.3936030864716,19
-17785.0,-13752.0,-16846.0,116058,1620.4950931072235,20
-18141.0,-12628.0,-17453.0,116063,1620.5244140625,22
-17669.0,-13306.0,-17353.0,116070,1620.5687201023102,21
-18083.0,-12994.0,-17263.0,116084,1620.752285003662,17
-17703.0,-13182.0,-17540.0,116084,1620.7523910999298,17
-17876.0,-13624.0,-16772.0,116117,1621.141340970993,19
-17988.0,-13972.0,-16576.0,116183,1621.969889163971,14
-17014.0,-13863.0,-17483.0,116183,1621.9699051380157,14
-18031.0,-12855.0,-17313.0,116184,1622.0220551490784,15
-17429.0,-14709.0,-16309.0,116195,1622.1743431091309,17
-18195.0,-14290.0,-15995.0,116202,1622.2370121479034,19
-17822.0,-14365.0,-16288.0,116202,1622.2370460033417,19
-18478.0,-12541.0,-17197.0,116263,1623.1588361263275,15
-18085.0,-12885.0,-17218.0,116263,1623.1588521003723,15
-18153.0,-12853.0,-17193.0,116263,1623.1588759422302,15
-18853.0,-12165.0,-17024.0,116335,1624.2085950374603,16
-18846.0,-12278.0,-17008.0,116335,1624.208603143692,16
-18609.0,-12526.0,-16887.0,116369,1624.646912097931,21
-17796.0,-15276.0,-15377.0,116430,1625.8714010715485,12
-18507.0,-13159.0,-16712.0,116430,1625.871425151825,12
-18512.0,-14267.0,-15674.0,116430,1625.871433019638,12
-19163.0,-12255.0,-16687.0,116431,1625.9224870204926,13
-18626.0,-14342.0,-15460.0,116432,1625.9595839977264,14
-17791.0,-14168.0,-16415.0,116432,1625.959713935852,14
-18919.0,-12671.0,-16451.0,116528,1627.4866790771484,15
-18539.0,-12859.0,-16728.0,116630,1629.238613128662,18
-18243.0,-12640.0,-17205.0,116716,1630.8898701667786,13
-18989.0,-13794.0,-15408.0,116716,1630.8899359703064,13
-18905.0,-12967.0,-16302.0,116716,1630.8899519443512,13
-18410.0,-13160.0,-16658.0,116716,1630.8900101184845,13
-19180.0,-12331.0,-16419.0,116856,1633.9616479873657,16
-19115.0,-12198.0,-16727.0,116856,1633.9617459774017,16
-18722.0,-12542.0,-16748.0,116856,1633.9617540836334,16
-18699.0,-12313.0,-16899.0,116954,1635.954864025116,19
-16781.0,-13960.0,-17607.0,117021,1637.585354089737,11
-18276.0,-12826.0,-17203.0,117021,1637.5853700637817,11
-16704.0,-13942.0,-17679.0,117023,1637.6714160442352,13
-14286.0,-16012.0,-17859.0,117024,1637.7008531093597,14
-14399.0,-15273.0,-18501.0,117191,1640.143690109253,19
-15470.0,-14130.0,-18317.0,117237,1640.7866611480713,17
-15652.0,-14076.0,-18427.0,117254,1641.087723016739,13
-16462.0,-13294.0,-18384.0,117254,1641.0877990722656,13
-14785.0,-14452.0,-18590.0,117255,1641.138107061386,14
-18199.0,-12808.0,-17275.0,117331,1642.5855071544647,15
-17239.0,-13199.0,-17695.0,117374,1643.1846420764923,18
-14893.0,-14490.0,-18574.0,117423,1644.0242121219635,16
-17198.0,-13159.0,-17752.0,117423,1644.0243439674377,16
-13793.0,-14956.0,-18961.0,117494,1645.2281329631805,16
-14398.0,-14489.0,-19053.0,117494,1645.228199005127,16
-15730.0,-13883.0,-18456.0,117494,1645.2282400131226,16
-16100.0,-13209.0,-18706.0,117494,1645.2282481193542,16
-13848.0,-14818.0,-18961.0,117501,1645.4927189350128,21
-15046.0,-14185.0,-18740.0,117536,1645.9183449745178,21
-14533.0,-14546.0,-18784.0,117536,1645.9183809757233,21
-15541.0,-13946.0,-18439.0,117549,1646.1226980686188,24
-15529.0,-13804.0,-18504.0,117571,1646.3338589668274,29
-14190.0,-14549.0,-18823.0,117588,1646.4902040958405,23
-15029.0,-13877.0,-18765.0,117605,1646.7148971557617,20
-15174.0,-13080.0,-18969.0,117630,1647.1367499828339,17
-16126.0,-12701.0,-18861.0,117630,1647.1367740631104,17
-15392.0,-13515.0,-18930.0,117630,1647.1367981433868,17
-15343.0,-13678.0,-18829.0,117630,1647.1368100643158,17
-17259.0,-12706.0,-18048.0,117657,1647.686784029007,19
-17525.0,-12593.0,-17838.0,117672,1647.9027440547943,23
-16351.0,-13078.0,-18484.0,117739,1648.6735091209412,20
-16298.0,-12855.0,-18551.0,117783,1649.3701510429382,21
-16810.0,-12445.0,-18305.0,117784,1649.403923034668,22
-16074.0,-13355.0,-18381.0,117813,1649.8203070163727,22
-17854.0,-11880.0,-17991.0,117866,1650.5970151424408,18
-14838.0,-13552.0,-18934.0,118047,1654.240765094757,12
-14326.0,-15298.0,-18284.0,118047,1654.2409040927887,12
-15695.0,-13316.0,-18766.0,118047,1654.2410011291504,12
-14109.0,-16324.0,-17702.0,118047,1654.2410171031952,12
-18485.0,-12410.0,-16901.0,118305,1660.7224941253662,19
-17126.0,-12279.0,-18530.0,118342,1661.5460090637207,10
-19225.0,-12408.0,-16412.0,118342,1661.546091079712,10
-17528.0,-13992.0,-17014.0,118342,1661.5461399555206,10
-18371.0,-14544.0,-15661.0,118342,1661.546156167984,10
-19141.0,-13715.0,-15422.0,118342,1661.5461640357971,10
-15272.0,-14098.0,-18568.0,118342,1661.5462131500244,10
-14931.0,-15151.0,-18154.0,118342,1661.5462300777435,10
-18616.0,-15258.0,-14566.0,118342,1661.5462951660156,10
-18005.0,-12341.0,-17983.0,118342,1661.5463359355927,10
-16321.0,-13980.0,-18045.0,118342,1661.5463440418243,10
-16731.0,-13717.0,-17952.0,118342,1661.5463931560516,10
-16057.0,-14730.0,-17614.0,118342,1661.5464010238647,10
-18764.0,-14648.0,-14943.0,118344,1661.7172150611877,12
-18460.0,-12612.0,-17052.0,118345,1661.7616081237793,13
-18593.0,-12999.0,-16693.0,118345,1661.7616169452667,13
-18238.0,-14157.0,-16020.0,118346,1661.8003461360931,14
-15762.0,-14717.0,-17778.0,118348,1661.8328721523285,16
-17735.0,-14310.0,-16433.0,118373,1662.0775830745697,16
-16345.0,-15481.0,-16542.0,118414,1662.57687997818,15
-15147.0,-15487.0,-17562.0,118452,1663.1595120429993,18
-18060.0,-13376.0,-16995.0,118471,1663.4273281097412,14
-16047.0,-13697.0,-18243.0,118472,1663.469910144806,15
-16554.0,-13883.0,-17921.0,118503,1663.9812591075897,15
-15095.0,-14264.0,-18537.0,118503,1663.9812829494476,15
-17957.0,-12765.0,-17465.0,118504,1664.0279400348663,16
-17816.0,-12846.0,-17641.0,118504,1664.028037071228,16
-16865.0,-13879.0,-17500.0,118529,1664.3369710445404,20
-16438.0,-13678.0,-18061.0,118584,1664.9441740512848,18
-16364.0,-12984.0,-18533.0,118598,1665.1187720298767,19
-18360.0,-12574.0,-17232.0,118669,1666.0399630069733,16
-17883.0,-13542.0,-16964.0,118669,1666.040202140808,16
-18179.0,-14559.0,-15743.0,118752,1667.5662729740143,13
-18764.0,-12514.0,-16827.0,118752,1667.566507101059,13
-18859.0,-12339.0,-16850.0,118752,1667.566514968872,13
-17786.0,-14903.0,-15764.0,118904,1670.245542049408,14
-18574.0,-14420.0,-15399.0,118958,1671.1570000648499,18
-18914.0,-13374.0,-15862.0,119028,1672.3605580329895,15
-18553.0,-12118.0,-17321.0,119157,1675.5414910316467,12
-18052.0,-14287.0,-16112.0,119157,1675.5415880680084,12
-18757.0,-13325.0,-16181.0,119157,1675.5416369438171,12
-19231.0,-13502.0,-15434.0,119157,1675.5416531562805,12
-17910.0,-13474.0,-16903.0,119157,1675.5417261123657,12
-18526.0,-14464.0,-15365.0,119159,1675.6609690189362,14
-17386.0,-14389.0,-16657.0,119720,1688.0679450035095,11
-14145.0,-16113.0,-17895.0,119720,1688.068050146103,11
-17289.0,-13350.0,-17686.0,119720,1688.0680749416351,11
-17029.0,-13331.0,-17848.0,119721,1688.14421916008,12
-13783.0,-16593.0,-17709.0,119723,1688.24786901474,14
-14154.0,-16295.0,-17646.0,119724,1688.2798850536346,15
-16855.0,-13884.0,-17454.0,119755,1688.6737129688263,19
-15918.0,-12812.0,-18903.0,120339,1701.9703950881958,7
-16241.0,-13053.0,-18751.0,120339,1701.970402956009,7
-19241.0,-15595.0,-13510.0,120339,1701.9704320430756,7
-14630.0,-13977.0,-19145.0,120339,1701.9704730510712,7
-13620.0,-15557.0,-18686.0,120339,1701.9705140590668,7
-15425.0,-13875.0,-18827.0,120339,1701.97066116333,7
-18996.0,-14881.0,-14605.0,120339,1701.9707021713257,7
-18375.0,-14948.0,-15255.0,120339,1701.9707100391388,7
-18332.0,-16711.0,-13416.0,120339,1701.9707181453705,7
-14426.0,-14980.0,-18662.0,120339,1701.9707670211792,7
-17803.0,-15767.0,-15028.0,120339,1701.970857143402,7
-17851.0,-15646.0,-15106.0,120339,1701.9708650112152,7
-18506.0,-15890.0,-14150.0,120339,1701.970873117447,7
-19647.0,-12869.0,-15618.0,120339,1701.9708819389343,7
-18081.0,-13621.0,-16766.0,120339,1701.9708981513977,7
-18282.0,-12472.0,-17498.0,120339,1701.9709060192108,7
-16280.0,-16923.0,-15190.0,120339,1701.9709310531616,7
-18011.0,-16237.0,-14308.0,120339,1701.9709391593933,7
-14258.0,-16222.0,-17678.0,120339,1701.9709560871124,7
-16492.0,-13943.0,-17885.0,120339,1701.9709720611572,7
-17011.0,-16150.0,-15361.0,120339,1701.970997095108,7
-17995.0,-11724.0,-18036.0,120340,1702.2023270130157,8
-19072.0,-12225.0,-16709.0,120340,1702.2025439739227,8
-18982.0,-12438.0,-16697.0,120340,1702.2025599479675,8
-19868.0,-13283.0,-14678.0,120341,1702.2775340080261,9
-19245.0,-12281.0,-16388.0,120341,1702.2775421142578,9
-18058.0,-15964.0,-14525.0,120341,1702.277764081955,9
-19295.0,-15074.0,-13887.0,120341,1702.2777969837189,9
-18200.0,-14804.0,-15514.0,120342,1702.3517179489136,10
-18431.0,-15337.0,-14680.0,120403,1703.3530230522156,12
-18152.0,-14925.0,-15436.0,120403,1703.3530311584473,12
-18551.0,-13636.0,-16205.0,120560,1705.961688041687,11
-16444.0,-14064.0,-17807.0,120560,1705.961753129959,11
-18033.0,-13742.0,-16688.0,120560,1705.96186709404,11
-17137.0,-13489.0,-17622.0,120561,1706.0284249782562,12
-16962.0,-13958.0,-17324.0,120718,1709.2260921001434,13
-17766.0,-13430.0,-17059.0,120719,1709.2626271247864,14
-17843.0,-13448.0,-16987.0,120719,1709.2626349925995,14
-16177.0,-13752.0,-18178.0,120732,1709.4378280639648,19
-15682.0,-13790.0,-18484.0,120786,1710.184462070465,14
-19321.0,-12807.0,-15966.0,120787,1710.2194170951843,15
-17554.0,-11973.0,-18237.0,120787,1710.2194249629974,15
-15964.0,-13411.0,-18353.0,120807,1710.4119369983673,18
-18592.0,-12851.0,-16734.0,120872,1711.3189489841461,18
-18149.0,-13048.0,-16975.0,120875,1711.3999359607697,20
-16943.0,-13089.0,-18163.0,120968,1713.0056960582733,15
-18918.0,-12913.0,-16386.0,120968,1713.0058100223541,15
-18977.0,-12686.0,-16354.0,120988,1713.3500039577484,18
-16938.0,-13337.0,-17820.0,121022,1713.837217092514,23
-18253.0,-12482.0,-17465.0,121037,1714.0410950183868,17
-18117.0,-12604.0,-17517.0,121046,1714.258239030838,19
-18443.0,-12765.0,-16890.0,121050,1714.3785140514374,21
-17941.0,-12900.0,-17282.0,121051,1714.3984739780426,22
-18356.0,-12350.0,-17297.0,121080,1714.677076101303,22
-17497.0,-12600.0,-18087.0,121121,1715.115373134613,19
-17323.0,-12901.0,-17886.0,121190,1716.2202661037445,16
-17743.0,-12620.0,-17754.0,121190,1716.2202990055084,16
-19546.0,-13037.0,-15498.0,121277,1717.766751050949,10
-16212.0,-14477.0,-17524.0,121277,1717.767011165619,10
-17602.0,-13306.0,-17415.0,121277,1717.767019033432,10
-18106.0,-13784.0,-16548.0,121277,1717.767028093338,10
-17560.0,-13302.0,-17456.0,121277,1717.7670850753784,10
-17383.0,-13468.0,-17425.0,121361,1719.426362991333,15
-19085.0,-13143.0,-15913.0,121795,1727.4121630191803,11
-17300.0,-13283.0,-17618.0,121795,1727.4122200012207,11
-19057.0,-15103.0,-14171.0,121796,1727.468388080597,12
-18115.0,-14929.0,-15417.0,121796,1727.4685189723969,12
-18561.0,-15811.0,-14112.0,121870,1728.984022140503,13
-18583.0,-15824.0,-13902.0,121871,1729.0298161506653,14
-18828.0,-15590.0,-13919.0,121936,1730.3445250988007,14
-18789.0,-15041.0,-14524.0,121939,1730.4248559474945,17
-19086.0,-14245.0,-14973.0,122345,1739.6066801548004,17
-18796.0,-11856.0,-17149.0,122660,1747.9732251167297,9
-18430.0,-16130.0,-13947.0,122660,1747.9735090732574,9
-18375.0,-15941.0,-14204.0,122660,1747.9735341072083,9
-19431.0,-13811.0,-14964.0,122660,1747.9735419750214,9
-19732.0,-14518.0,-13670.0,122661,1748.0587389469147,10
-19713.0,-14368.0,-13843.0,122661,1748.0587470531464,10
-19134.0,-14607.0,-14515.0,122661,1748.0587711334229,10
-19520.0,-14220.0,-14352.0,122661,1748.0587949752808,10
-18576.0,-15917.0,-13844.0,122676,1748.379310131073,16
-18644.0,-15910.0,-13701.0,122683,1748.458356142044,19
-19302.0,-15817.0,-13076.0,122707,1748.6638669967651,16
-19073.0,-16304.0,-12824.0,122707,1748.6638841629028,16
-18676.0,-16051.0,-13585.0,122707,1748.663892030716,16
-19272.0,-15726.0,-13145.0,122740,1749.0566551685333,14
-19034.0,-15755.0,-13429.0,122740,1749.0567121505737,14
-18828.0,-16538.0,-12807.0,122779,1749.8517220020294,13
-18568.0,-16732.0,-12795.0,122779,1749.851730108261,13
-17932.0,-16660.0,-13716.0,122779,1749.8518280982971,13
-18806.0,-16525.0,-13017.0,122779,1749.8518359661102,13
-18529.0,-16345.0,-13525.0,122787,1749.9843120574951,18
-18560.0,-16476.0,-13160.0,122813,1750.2585849761963,16
-19331.0,-15050.0,-13587.0,122834,1750.5627241134644,15
-18670.0,-15748.0,-13951.0,122924,1752.3745789527893,12
-19243.0,-15701.0,-13150.0,122924,1752.3746769428253,12
-18622.0,-15869.0,-13873.0,122924,1752.374685049057,12
-18142.0,-16230.0,-14097.0,123105,1756.5136771202087,11
-19450.0,-14994.0,-13591.0,123105,1756.5136940479279,11
-18915.0,-16375.0,-12596.0,123105,1756.5137600898743,11
-19151.0,-14801.0,-14309.0,123105,1756.513808965683,11
-18087.0,-16041.0,-14354.0,123105,1756.513883113861,11
-18589.0,-16547.0,-13080.0,123105,1756.513906955719,11
-18661.0,-15810.0,-13854.0,123105,1756.513916015625,11
-18877.0,-15965.0,-13350.0,123105,1756.5139241218567,11
-18332.0,-15762.0,-14310.0,123106,1756.6112010478973,12
-17808.0,-16460.0,-14161.0,123107,1756.6590549945831,13
-18961.0,-15452.0,-13772.0,123257,1760.7615399360657,16
-19475.0,-14397.0,-14127.0,123355,1762.476989030838,15
-19182.0,-14932.0,-13944.0,123484,1765.0967659950256,14
-18482.0,-16451.0,-13186.0,123565,1767.2439661026,13
-19085.0,-15150.0,-13859.0,123640,1768.7837131023407,21
-18869.0,-13419.0,-15876.0,123711,1771.2668981552124,11
-19839.0,-13126.0,-14686.0,123970,1779.4435720443726,14
-18677.0,-12398.0,-16887.0,123970,1779.4436049461365,14
-19292.0,-12650.0,-15974.0,124112,1782.7574450969696,24
-19461.0,-12287.0,-16070.0,124215,1785.136202096939,15
-18840.0,-12354.0,-16720.0,124216,1785.1867921352386,16
-18355.0,-12105.0,-17350.0,124296,1787.3691430091858,17
-19387.0,-13313.0,-15393.0,124538,1794.0285489559174,12
-19802.0,-12789.0,-15322.0,124538,1794.0287210941315,12
-18796.0,-14350.0,-15110.0,124538,1794.0287780761719,12
-19594.0,-13033.0,-15263.0,124658,1796.601597070694,21
-19829.0,-13946.0,-13991.0,124742,1798.0481390953064,17
-19867.0,-14277.0,-13388.0,124797,1799.2954759597778,22
-19521.0,-15242.0,-13303.0,124827,1799.9430961608887,14
-19791.0,-13751.0,-14403.0,124827,1799.9431130886078,14
-19331.0,-14959.0,-13878.0,124827,1799.943120956421,14
-19388.0,-14855.0,-13662.0,124868,1800.943233013153,23
-19951.0,-13865.0,-13837.0,125042,1806.10759806633,13
-19087.0,-15196.0,-13775.0,125042,1806.1076879501343,13
-19730.0,-13451.0,-14777.0,125087,1808.0552189350128,15
-19800.0,-13867.0,-14145.0,125200,1812.159294128418,15
-19431.0,-14448.0,-14102.0,125351,1816.4817039966583,18
-19701.0,-12957.0,-15202.0,125351,1816.4817280769348,18
-19963.0,-13089.0,-14444.0,125440,1819.724678993225,16
-16185.0,-12397.0,-18819.0,125497,1822.027368068695,8
-15891.0,-13276.0,-18824.0,125497,1822.0273849964142,8
-17730.0,-12544.0,-18005.0,125497,1822.027426958084,8
-19121.0,-15895.0,-13153.0,125497,1822.0278480052948,8
-17956.0,-16048.0,-14565.0,125497,1822.0278639793396,8
-17941.0,-15793.0,-14846.0,125497,1822.0278811454773,8
-18822.0,-15702.0,-13871.0,125497,1822.0278890132904,8
-18615.0,-16629.0,-12783.0,125497,1822.0279459953308,8
-19473.0,-13690.0,-14884.0,125497,1822.0279870033264,8
-19414.0,-13246.0,-15471.0,125497,1822.0279960632324,8
-18699.0,-12256.0,-17047.0,125498,1822.1615459918976,9
-19199.0,-12819.0,-15987.0,125498,1822.1616840362549,9
-16507.0,-15672.0,-16228.0,125499,1822.242583990097,10
-18715.0,-14714.0,-14876.0,125500,1822.3044800758362,11
-18387.0,-16632.0,-13378.0,125501,1822.36017203331,12
-17912.0,-15550.0,-14994.0,125558,1823.359188079834,15
-18110.0,-16452.0,-13886.0,125565,1823.4783940315247,19
-17898.0,-16607.0,-13901.0,125616,1824.4580931663513,14
-18883.0,-15924.0,-13437.0,125616,1824.4581899642944,14
-17859.0,-14563.0,-15954.0,125909,1830.4973440170288,12
-18853.0,-15833.0,-13506.0,126138,1836.6717491149902,10
-17672.0,-14629.0,-16139.0,126138,1836.6718230247498,10
-18251.0,-15855.0,-14312.0,126138,1836.6718480587006,10
-17696.0,-16029.0,-14727.0,126138,1836.6718561649323,10
-17751.0,-16218.0,-14470.0,126138,1836.671872138977,10
-18258.0,-12505.0,-17248.0,126139,1836.7561149597168,11
-17035.0,-13573.0,-17662.0,126139,1836.7562811374664,11
-18824.0,-15808.0,-13511.0,126140,1836.8119201660156,12
-18584.0,-12567.0,-16900.0,126339,1841.929260969162,12
-16608.0,-13569.0,-17975.0,126734,1852.910798072815,22
-18588.0,-15835.0,-13897.0,126811,1855.156790971756,9
-17500.0,-14569.0,-16345.0,126811,1855.1570630073547,9
-18358.0,-15376.0,-14711.0,126811,1855.157212972641,9
-19117.0,-14042.0,-15022.0,126988,1859.5907571315765,11
-19281.0,-12859.0,-15830.0,127294,1869.545851945877,23
-18571.0,-12694.0,-16824.0,127301,1869.7011930942535,26
-17849.0,-13727.0,-16753.0,127475,1873.7525880336761,10
-17014.0,-13553.0,-17708.0,127475,1873.7526941299438,10
-16732.0,-12487.0,-18479.0,127476,1873.838590145111,11
-15525.0,-14829.0,-17812.0,127643,1878.647761106491,13
-15392.0,-14251.0,-18468.0,127703,1880.3782320022583,14
-14693.0,-14565.0,-18578.0,127746,1881.6004791259766,17
-15034.0,-13512.0,-18992.0,127746,1881.6005370616913,17
-14535.0,-14487.0,-18636.0,127746,1881.600545167923,17
-15401.0,-12757.0,-18929.0,127859,1883.777573108673,17
-15495.0,-13557.0,-18824.0,128018,1888.2462661266327,14
-15134.0,-13172.0,-19013.0,128018,1888.2463159561157,14
-14767.0,-13927.0,-19076.0,128018,1888.24649310112,14
-14234.0,-14258.0,-19145.0,128018,1888.2467319965363,14
-14268.0,-14902.0,-18720.0,128020,1888.3935430049896,16
-14668.0,-15043.0,-18332.0,128037,1888.8341569900513,23
-14667.0,-14259.0,-18884.0,128061,1889.2719020843506,21
-16145.0,-13401.0,-18296.0,128064,1889.3385989665985,23
-15315.0,-13955.0,-18571.0,128080,1889.4637880325317,25
-16053.0,-13702.0,-18211.0,128086,1889.565199136734,21
-14421.0,-15228.0,-18319.0,128169,1891.0203549861908,16
-14415.0,-14576.0,-18689.0,128170,1891.0731949806213,17
-14660.0,-14547.0,-18579.0,128230,1892.631572008133,18
-14298.0,-14738.0,-18696.0,128304,1894.8195359706879,28
-17473.0,-12440.0,-18181.0,128446,1898.656142950058,12
-16212.0,-13141.0,-18502.0,128446,1898.6561591625214,12
-17757.0,-12103.0,-18112.0,128447,1898.7327690124512,13
-16996.0,-14091.0,-17212.0,128448,1898.7964601516724,14
-16488.0,-13383.0,-18116.0,128448,1898.7964839935303,14
-17697.0,-12920.0,-17646.0,128737,1905.9162240028381,16
-15961.0,-13220.0,-18529.0,128738,1905.980080127716,17
-16496.0,-12804.0,-18433.0,128738,1905.9800879955292,17
-17222.0,-12519.0,-18208.0,128738,1905.9800961017609,17
-17393.0,-12835.0,-17871.0,128772,1906.4347450733185,23
-17153.0,-12494.0,-18301.0,128911,1908.8566160202026,17
-17171.0,-13281.0,-17738.0,128935,1909.5003299713135,20
-19311.0,-12047.0,-16576.0,129173,1913.844964981079,14
-18402.0,-12032.0,-17419.0,129184,1914.317085981369,16
-19004.0,-12679.0,-16338.0,129184,1914.317176103592,16
-18920.0,-11852.0,-17232.0,129260,1916.5304780006409,17
-18679.0,-12431.0,-16852.0,129261,1916.5766279697418,18
-18486.0,-12785.0,-16821.0,129318,1917.8770279884338,19
-18623.0,-12648.0,-16783.0,129322,1917.9988980293274,23
-18681.0,-12370.0,-16959.0,129328,1918.0674669742584,24
-18646.0,-11616.0,-17655.0,129401,1919.4402861595154,17
-18340.0,-12062.0,-17583.0,129442,1920.919811964035,23
-18527.0,-12196.0,-17253.0,129483,1921.5654170513153,24
-18576.0,-11731.0,-17620.0,129483,1921.5655591487885,24
-18063.0,-11730.0,-17863.0,129585,1923.5175740718842,19
-18381.0,-12000.0,-17488.0,129585,1923.5178761482239,19
-19444.0,-12081.0,-16129.0,129644,1925.4225800037384,14
-18663.0,-11748.0,-17408.0,129644,1925.4226541519165,14
-18989.0,-11810.0,-17060.0,129644,1925.4227361679077,14
-19344.0,-12043.0,-16309.0,129712,1928.0900869369507,19
-18728.0,-11881.0,-17100.0,129787,1930.0499329566956,22
-16369.0,-12979.0,-18537.0,129899,1933.3998551368713,12
-18009.0,-11499.0,-17975.0,129899,1933.3998880386353,12
-17568.0,-11748.0,-18176.0,129899,1933.399896144867,12
-16636.0,-12564.0,-18453.0,129924,1934.6014070510864,17
-16373.0,-12688.0,-18606.0,129956,1935.2010810375214,18
